Type	Index	X	Y	Z
VRTX 1	278.786	125.951	430.725
VRTX 2	292.821	164.229	425.565
VRTX 3	328.357	137.866	424.674
VRTX 4	143.707	311.863	425.502
VRTX 5	184.8	310.603	421.348
VRTX 6	164.004	281.357	426.544
VRTX 7	-48.0638	369.058	436.035
VRTX 8	-74.6636	354.559	439.176
VRTX 9	-75.054	383.851	436.397
VRTX 10	434.12	187.771	409.195
VRTX 11	385.248	192.487	413.644
VRTX 12	409.012	223.778	408.012
VRTX 13	-112.543	370.164	439.684
VRTX 14	374.43	133.746	420.576
VRTX 15	359.346	165.188	418.962
VRTX 16	399.622	159.909	415.507
VRTX 17	282.342	339.543	408.637
VRTX 18	262.442	310.094	413.661
VRTX 19	244.519	339.484	412.299
VRTX 20	0.375269	640.382	453.868
VRTX 21	-2.31593	610.081	450.883
VRTX 22	-35.8379	620.916	454.744
VRTX 23	255.305	39.4382	441.65
VRTX 24	270.053	68.3037	437.308
VRTX 25	291.715	41.931	437.792
VRTX 26	-38.9735	395.351	433.842
VRTX 27	-34.5847	340.456	437.89
VRTX 28	319.588	510.805	408.522
VRTX 29	328.485	481.831	404.361
VRTX 30	292.423	479.845	407.982
VRTX 31	-78.0809	670.292	464.066
VRTX 32	-53.1918	700.223	464.985
VRTX 33	-41.948	670.883	460.898
VRTX 34	330.417	-77.5791	446.274
VRTX 35	354.578	-109.138	447.341
VRTX 36	315.651	-109.138	450.932
VRTX 37	-73.1992	323.872	442.774
VRTX 38	428.044	-50.3786	433.985
VRTX 39	467.762	-50.7915	430.266
VRTX 40	449.733	-78.1325	434.955
VRTX 41	291.385	-78.5978	450.02
VRTX 42	276.724	-109.138	454.413
VRTX 43	253.459	-79.6182	453.572
VRTX 44	284.401	413.786	404.734
VRTX 45	270.331	425.533	406.171
VRTX 46	288.146	421.719	404.403
VRTX 47	-40.2	182.942	456.591
VRTX 48	-6.6469	161.388	455.419
VRTX 49	-42.9059	152.929	459.767
VRTX 50	501.18	131.995	408.109
VRTX 51	461.41	135.289	411.827
VRTX 52	471.71	162.481	407.982
VRTX 53	648.886	-79.6295	416.391
VRTX 54	665.992	-109.138	418.366
VRTX 55	627.065	-109.138	422.043
VRTX 56	-9.90485	16.137	467.583
VRTX 57	-16.635	43.1923	466.266
VRTX 58	23.5542	36.3307	463.419
VRTX 59	-12.9145	371.19	433.673
VRTX 60	411.25	130.672	417.288
VRTX 61	435.74	150.28	412.891
VRTX 62	438.834	126.168	415.018
VRTX 63	231.356	128.902	435.151
VRTX 64	251.014	160.966	430.011
VRTX 65	489.124	-77.9661	431.238
VRTX 66	100.08	252.499	435.737
VRTX 67	75.3061	284.777	434.714
VRTX 68	121.313	282.656	430.636
VRTX 69	12.8587	345.211	433.976
VRTX 70	380.415	74.4179	425.793
VRTX 71	355.211	104.098	425.353
VRTX 72	395.196	105.073	421.364
VRTX 73	314.799	100.533	429.67
VRTX 74	283.67	92.345	433.56
VRTX 75	0.416684	314.071	437.992
VRTX 76	251.354	96.7966	436.337
VRTX 77	28.4892	374.098	430.732
VRTX 78	-41.9412	123.423	462.284
VRTX 79	-75.0081	111.474	466.337
VRTX 80	-75.2268	141.623	463.918
VRTX 81	6.4179	403.243	431.037
VRTX 82	507.132	150.678	405.565
VRTX 83	518.519	139.041	405.599
VRTX 84	551.107	699.313	404.722
VRTX 85	543.171	696.867	405.266
VRTX 86	563.99	711.692	404.683
VRTX 87	-49.3566	-59.0674	474.38
VRTX 88	-12.0936	-54.331	472.04
VRTX 89	-23.0541	-81.4147	474.127
VRTX 90	234.948	69.036	440.726
VRTX 91	185.259	71.5651	445.372
VRTX 92	209.914	95.9833	440.547
VRTX 93	210.704	70.0169	443.03
VRTX 94	48.366	351.737	430.736
VRTX 95	293.273	436.594	404.499
VRTX 96	289.264	448.118	405.495
VRTX 97	523.543	133.911	405.612
VRTX 98	536.017	121.185	405.642
VRTX 99	67.9388	373.881	427.69
VRTX 100	143.098	74.7363	449.147
VRTX 101	166.324	103.124	444.153
VRTX 102	113.699	-51.6819	462.981
VRTX 103	137.29	-78.9069	463.38
VRTX 104	97.1974	-78.8266	466.438
VRTX 105	267.693	-53.1526	449.671
VRTX 106	231.992	-54.2085	453.053
VRTX 107	49.6238	320.137	433.401
VRTX 108	83.2258	345.711	428.301
VRTX 109	96.697	734.878	453.692
VRTX 110	119.36	761.919	454.095
VRTX 111	128.058	739.36	451.043
VRTX 112	27.784	286.079	438.778
VRTX 113	-40.746	244.572	449.848
VRTX 114	0.696207	256.82	444.509
VRTX 115	-9.92917	227.012	448.903
VRTX 116	-10.6738	287.433	441.943
VRTX 117	304.184	69.9881	433.744
VRTX 118	338.202	310.445	406.017
VRTX 119	357.124	278.142	407.585
VRTX 120	317.647	281.938	411.216
VRTX 121	240.018	3.20159	446.725
VRTX 122	212.496	43.2921	445.466
VRTX 123	246.102	-30.6596	449.472
VRTX 124	23.7923	3.28654	465.849
VRTX 125	60.121	7.37321	462.615
VRTX 126	123.349	108.073	447.875
VRTX 127	91.8138	80.648	453.477
VRTX 128	86.994	114.819	450.759
VRTX 129	52.4583	253.83	440.052
VRTX 130	82.0905	-109.138	469.902
VRTX 131	56.6356	-78.9867	469.292
VRTX 132	45.8034	-22.8805	466.045
VRTX 133	88.1135	-22.363	462.669
VRTX 134	590.815	14.8742	411.239
VRTX 135	608.993	46.1772	405.982
VRTX 136	613.528	41.4261	406.027
VRTX 137	99.845	314.437	429.517
VRTX 138	21.4964	135.749	455.115
VRTX 139	35.1991	164.95	450.971
VRTX 140	62.9882	138.087	450.87
VRTX 141	69.398	425.168	426.767
VRTX 142	49.7174	399.564	428.181
VRTX 143	36.4889	420.862	429.118
VRTX 144	671.834	-55.0163	411.123
VRTX 145	675.293	-27.4609	407.449
VRTX 146	685.808	-40.2928	407.905
VRTX 147	345.049	14.145	435.296
VRTX 148	364.84	-18.061	436.683
VRTX 149	319.121	-13.8798	440.746
VRTX 150	-72.9475	539.861	444.815
VRTX 151	-112.543	519.947	441.93
VRTX 152	-112.543	549.903	447.12
VRTX 153	124.988	342.557	424.58
VRTX 154	39.2674	73.6253	458.981
VRTX 155	73.7407	41.6522	458.601
VRTX 156	425.553	9.98119	427.838
VRTX 157	404.245	42.9048	426.579
VRTX 158	446.434	40.4474	422.75
VRTX 159	145.292	136.02	443.005
VRTX 160	77.6492	165.701	446.745
VRTX 161	107.585	372.308	424.171
VRTX 162	412.063	608.055	409.516
VRTX 163	445.662	611.741	406.54
VRTX 164	441.242	589.1	404.771
VRTX 165	336.259	325.37	404.663
VRTX 166	320.021	339.974	404.829
VRTX 167	121.838	42.8718	454.12
VRTX 168	166.1	340.859	420.355
VRTX 169	29.7971	224.211	445.386
VRTX 170	50.8539	108.17	454.845
VRTX 171	289.274	425.483	404.31
VRTX 172	289.591	428.939	404.46
VRTX 173	121.017	-109.138	467.201
VRTX 174	457.7	605.887	404.773
VRTX 175	456.728	604.894	404.773
VRTX 176	143.803	252.13	431.538
VRTX 177	378.143	281.581	405.037
VRTX 178	383.661	276.021	405.061
VRTX 179	204.335	280.742	422.55
VRTX 180	-1.36395	-20.0518	469.289
VRTX 181	0.869781	105.545	459.794
VRTX 182	-14.1446	135.894	458.542
VRTX 183	-40.3532	214.032	453.317
VRTX 184	-74.4872	201.78	458.07
VRTX 185	-74.5181	232.116	454.647
VRTX 186	103.439	138.781	446.852
VRTX 187	265.13	368.843	407.828
VRTX 188	286.043	396.775	404.538
VRTX 189	289.017	387.413	404.659
VRTX 190	205.893	339.887	416.202
VRTX 191	510.285	-109.138	432.688
VRTX 192	528.856	-77.0252	427.447
VRTX 193	346.343	-48.3762	441.682
VRTX 194	370.3	-77.4335	442.463
VRTX 195	188.343	370.038	415.45
VRTX 196	224.203	310.069	417.391
VRTX 197	641.165	11.7643	406.445
VRTX 198	638.734	9.39318	406.959
VRTX 199	636.393	16.9554	406.367
VRTX 200	344.675	196.005	417.336
VRTX 201	435.053	224.091	405.319
VRTX 202	444.068	214.968	405.348
VRTX 203	478.165	180.259	405.477
VRTX 204	478.737	179.673	405.48
VRTX 205	72.2609	-51.7603	466.185
VRTX 206	326.056	171.776	421.571
VRTX 207	198.871	-109.138	461.105
VRTX 208	176.88	-79.2104	460.183
VRTX 209	215.617	-79.6445	456.918
VRTX 210	285.498	397.702	404.551
VRTX 211	285.754	397.706	404.524
VRTX 212	243.169	280.768	418.679
VRTX 213	285.343	398.41	404.569
VRTX 214	224.46	251.343	423.604
VRTX 215	280.886	281.394	414.894
VRTX 216	609.396	-78.0157	420.022
VRTX 217	426.188	109.145	417.946
VRTX 218	300.108	310.423	409.901
VRTX 219	505.982	59.0643	415.085
VRTX 220	523.816	34.2064	415.883
VRTX 221	486.298	35.9945	419.36
VRTX 222	104.083	9.23356	458.701
VRTX 223	130.609	-22.112	459.086
VRTX 224	330.589	257.935	412.451
VRTX 225	351.583	673.931	422.093
VRTX 226	368.628	642.746	417.264
VRTX 227	333.592	639.14	420.417
VRTX 228	427.971	634.502	410.534
VRTX 229	394.443	630.991	413.527
VRTX 230	227.276	369.211	411.448
VRTX 231	312.296	352.687	404.536
VRTX 232	432.431	-109.138	439.997
VRTX 233	410.178	-77.8382	438.693
VRTX 234	635.096	18.3462	406.348
VRTX 235	43.1638	-109.138	472.31
VRTX 236	16.1036	-79.7387	471.896
VRTX 237	334.948	488.28	404.394
VRTX 238	343.657	496.06	404.361
VRTX 239	471.358	-109.138	436.314
VRTX 240	353.085	247.97	411.191
VRTX 241	366.97	223.354	412.342
VRTX 242	326.194	228.26	415.929
VRTX 243	300.056	369.047	404.385
VRTX 244	300.081	368.989	404.388
VRTX 245	300.128	254.098	415.88
VRTX 246	310.295	609.416	419.822
VRTX 247	322.696	571.082	414.758
VRTX 248	272.617	583.791	421.041
VRTX 249	507.12	150.691	405.565
VRTX 250	262.919	252.132	419.712
VRTX 251	29.7477	-51.928	469.218
VRTX 252	80.6108	219.282	441.021
VRTX 253	665.992	849.467	408.385
VRTX 254	672.256	829.28	405.75
VRTX 255	666.498	821.89	405.571
VRTX 256	631.809	-51.5578	414.715
VRTX 257	112.76	199.326	439.934
VRTX 258	120.664	169.791	442.106
VRTX 259	89.1176	189.411	443.252
VRTX 260	560.949	767.516	410.562
VRTX 261	588.64	786.28	409.669
VRTX 262	583.954	757.197	407.258
VRTX 263	432.431	849.467	431.218
VRTX 264	413.994	822.258	430.55
VRTX 265	393.504	849.467	435.191
VRTX 266	-33.0874	466.452	435.034
VRTX 267	-69.7321	446.728	434.693
VRTX 268	-71.2453	478.595	436.846
VRTX 269	385.689	252.951	407.327
VRTX 270	349.314	712.506	426.212
VRTX 271	319.519	733.531	431.312
VRTX 272	352.766	740.379	428.671
VRTX 273	194.471	-52.8714	456.275
VRTX 274	432.941	769.374	423.535
VRTX 275	482.899	764.085	418.003
VRTX 276	458.284	732.316	417.317
VRTX 277	43.9053	445.042	429.57
VRTX 278	85.6086	455.597	426.848
VRTX 279	664.427	-14.6542	407.075
VRTX 280	671.443	-22.8463	407.304
VRTX 281	656.571	-23.8937	408.957
VRTX 282	315.612	468.748	404.506
VRTX 283	319.886	473.661	404.51
VRTX 284	393.504	-109.138	443.668
VRTX 285	305.394	-49.645	445.761
VRTX 286	167.567	41.6615	449.939
VRTX 287	306.64	196.099	421.076
VRTX 288	284.529	224.143	420.43
VRTX 289	312.815	19.2895	437.978
VRTX 290	-77.2234	-63.369	475.894
VRTX 291	-77.2322	-38.7621	474.989
VRTX 292	-44.1943	61.6648	467.243
VRTX 293	-75.507	81.1498	468.557
VRTX 294	-41.0806	92.1799	464.728
VRTX 295	343.144	318.058	404.709
VRTX 296	349.919	310.867	404.757
VRTX 297	3.60321	488.147	435.576
VRTX 298	0.3906	518.584	439.311
VRTX 299	34.7509	508.794	436.021
VRTX 300	294.844	439.763	404.511
VRTX 301	225.827	577.223	425.046
VRTX 302	195.083	543.664	424.569
VRTX 303	190.821	577.199	428.563
VRTX 304	40.1509	537.955	438.921
VRTX 305	-44.8728	32.5909	469.215
VRTX 306	296.311	761.857	436.464
VRTX 307	337.401	764.152	432.58
VRTX 308	159.944	-109.138	464.252
VRTX 309	340.335	72.7487	429.885
VRTX 310	686.493	-81.611	412.907
VRTX 311	507.213	-50.067	426.486
VRTX 312	-87.5801	699.764	468.315
VRTX 313	-112.543	669.729	467.324
VRTX 314	-112.543	699.685	470.892
VRTX 315	267.781	193.171	425.172
VRTX 316	208.704	161.788	434.143
VRTX 317	463.959	194.756	405.423
VRTX 318	470.927	187.627	405.452
VRTX 319	-38.0117	590.262	450.944
VRTX 320	-1.31714	580.804	447.254
VRTX 321	197.497	676.151	437.785
VRTX 322	164.391	674.317	440.938
VRTX 323	167.257	701.594	443.381
VRTX 324	569.157	-76.8478	423.688
VRTX 325	549.211	-109.138	429.175
VRTX 326	154.625	-51.9488	459.631
VRTX 327	-42.5665	1.66707	470.871
VRTX 328	-43.7345	-30.2238	472.657
VRTX 329	-75.9886	-9.42408	473.667
VRTX 330	188.345	131.761	439.152
VRTX 331	465.614	795.897	422.832
VRTX 332	432.363	801.658	426.74
VRTX 333	590.805	-49.3647	418.479
VRTX 334	357.737	792.928	433.379
VRTX 335	398.952	795.367	429.489
VRTX 336	381.144	760.972	427.894
VRTX 337	-37.9891	559.805	446.677
VRTX 338	2.66027	195.414	451.091
VRTX 339	414.268	561.525	404.605
VRTX 340	413.746	560.988	404.6
VRTX 341	401.849	578.084	407.549
VRTX 342	241.431	608.4	426.634
VRTX 343	275.303	615.975	423.988
VRTX 344	-34.6897	-109.138	476.087
VRTX 345	-58.9202	-83.1452	475.836
VRTX 346	300.022	447.568	404.373
VRTX 347	302.154	450.47	404.301
VRTX 348	387.891	701.146	421.211
VRTX 349	376.58	729.54	425.203
VRTX 350	412.21	731.689	421.861
VRTX 351	481.749	672.77	408.985
VRTX 352	518.615	667.466	404.774
VRTX 353	515.809	664.691	404.777
VRTX 354	-74.9299	171.567	461.176
VRTX 355	-112.543	130.513	468.474
VRTX 356	-76.0089	21.0454	472.174
VRTX 357	-112.543	10.6874	475.217
VRTX 358	472.321	633.151	405.982
VRTX 359	471.15	619.634	404.779
VRTX 360	-112.543	100.557	470.579
VRTX 361	-6.57218	68.8733	463.489
VRTX 362	659.532	-8.9741	406.926
VRTX 363	-76.2221	51.1477	470.518
VRTX 364	543.484	66.2734	410.573
VRTX 365	557.441	34.4349	412.504
VRTX 366	-112.543	70.6002	472.381
VRTX 367	590.933	737.484	404.596
VRTX 368	589.589	736.2	404.6
VRTX 369	558.165	737.035	407.807
VRTX 370	-112.543	430.077	435.017
VRTX 371	-112.543	460.034	435.371
VRTX 372	363.36	296.783	404.902
VRTX 373	357.039	303.35	404.84
VRTX 374	-27.4534	430.572	432.951
VRTX 375	8.03581	456.933	432.554
VRTX 376	148.504	9.32381	454.712
VRTX 377	155.333	733.672	447.782
VRTX 378	175.965	760.685	448.404
VRTX 379	191.219	733.556	444.195
VRTX 380	-112.543	729.641	473.926
VRTX 381	-112.543	759.598	476.549
VRTX 382	-76.3033	761.027	472.923
VRTX 383	172.639	-22.8509	455.457
VRTX 384	418.723	240.616	405.242
VRTX 385	420.596	238.742	405.249
VRTX 386	461.17	105.635	414.826
VRTX 387	521.382	136.122	405.606
VRTX 388	-112.543	-19.269	476.296
VRTX 389	588.138	-109.138	425.664
VRTX 390	-112.543	-49.2255	477.14
VRTX 391	-90.7581	-82.3573	476.955
VRTX 392	4.23704	-109.138	474.384
VRTX 393	237.797	-109.138	457.81
VRTX 394	387.692	-49.4268	437.776
VRTX 395	674.05	-25.936	407.394
VRTX 396	548.45	-46.0326	422.162
VRTX 397	704.918	-109.138	414.537
VRTX 398	717.832	-81.5845	409.692
VRTX 399	210.052	633.942	432.312
VRTX 400	207.125	599.706	429.19
VRTX 401	166.783	601.161	433.407
VRTX 402	717.011	-80.5026	409.642
VRTX 403	70.1563	612.721	444.351
VRTX 404	68.9663	644.648	447.646
VRTX 405	106.983	643.436	443.709
VRTX 406	718.016	-81.8336	409.705
VRTX 407	307.957	695.187	428.61
VRTX 408	720.437	-85.1462	409.88
VRTX 409	-112.543	40.6438	473.915
VRTX 410	721.623	-86.7659	409.966
VRTX 411	241.639	667.805	432.513
VRTX 412	727.436	-94.7043	410.383
VRTX 413	729.031	-96.8988	410.5
VRTX 414	737.941	-109.138	411.149
VRTX 415	549.211	849.467	419.619
VRTX 416	528.21	819.276	418.821
VRTX 417	510.285	849.467	423.418
VRTX 418	707.548	-68.0326	409.068
VRTX 419	259.145	454.567	408.976
VRTX 420	704.416	-63.963	408.885
VRTX 421	703.098	-62.2509	408.808
VRTX 422	437.311	695.14	415.679
VRTX 423	477.87	704.667	412.58
VRTX 424	701.762	-60.5171	408.731
VRTX 425	696.618	-53.9164	408.453
VRTX 426	691.398	-47.3289	408.185
VRTX 427	687.363	-42.2286	407.977
VRTX 428	51.056	480.339	431.801
VRTX 429	146.668	195.257	436.989
VRTX 430	673.312	-25.0519	407.367
VRTX 431	613.519	-20.3684	412.91
VRTX 432	572.717	-20.1148	416.926
VRTX 433	547.467	-21.4425	419.531
VRTX 434	523.226	-22.0944	421.928
VRTX 435	545.661	3.48986	416.984
VRTX 436	315.651	849.467	443.003
VRTX 437	296.457	819.15	442.031
VRTX 438	276.724	849.467	446.885
VRTX 439	584.109	53.3391	407.778
VRTX 440	606.918	48.3466	405.962
VRTX 441	-112.543	579.859	452.749
VRTX 442	-112.543	609.816	458.221
VRTX 443	-71.8191	601.568	454.396
VRTX 444	598.948	56.6228	405.902
VRTX 445	-112.543	639.772	463.137
VRTX 446	-112.543	160.469	466.017
VRTX 447	-112.543	190.426	463.204
VRTX 448	616.919	37.8614	406.062
VRTX 449	623.526	30.8062	406.162
VRTX 450	628.637	25.3126	406.243
VRTX 451	121.059	708.722	448.714
VRTX 452	52.6728	193.145	446.435
VRTX 453	166.435	164.505	438.089
VRTX 454	643.893	8.77157	406.496
VRTX 455	644.508	8.08125	406.512
VRTX 456	68.7986	791.213	461.748
VRTX 457	41.7803	762.092	461.587
VRTX 458	28.4513	791.078	465.552
VRTX 459	505.552	90.2163	411.934
VRTX 460	471.673	68.2765	417.523
VRTX 461	647.944	4.24262	406.6
VRTX 462	652.031	-0.412059	406.714
VRTX 463	82.147	762.572	457.761
VRTX 464	594.347	61.3998	405.867
VRTX 465	648.977	819.528	407.043
VRTX 466	627.065	849.467	412.124
VRTX 467	594.013	61.7458	405.865
VRTX 468	-3.27459	670.784	457.302
VRTX 469	-30.2666	647.803	457.372
VRTX 470	584.72	71.2903	405.821
VRTX 471	579.948	76.2013	405.798
VRTX 472	578.905	77.272	405.793
VRTX 473	-35.997	498.245	438.318
VRTX 474	575.078	81.2231	405.769
VRTX 475	569.986	86.4308	405.751
VRTX 476	565.43	91.1029	405.735
VRTX 477	554.826	101.952	405.698
VRTX 478	550.871	106.01	405.683
VRTX 479	550.747	106.138	405.682
VRTX 480	-37.3624	529.124	442.331
VRTX 481	548.631	108.32	405.67
VRTX 482	544.241	112.787	405.663
VRTX 483	350.231	536.447	408.278
VRTX 484	372.32	521.677	404.36
VRTX 485	367.676	517.314	404.327
VRTX 486	426.115	78.0463	420.993
VRTX 487	235.741	791.083	445.41
VRTX 488	254.204	761.228	440.635
VRTX 489	213.821	762.01	444.765
VRTX 490	518.359	675.425	405.594
VRTX 491	506.516	793.253	418.487
VRTX 492	527.096	763.856	413.567
VRTX 493	355.107	506.306	404.329
VRTX 494	352.562	505.733	404.519
VRTX 495	-39.635	305.546	442.264
VRTX 496	-40.6552	274.906	446.131
VRTX 497	488.639	820.567	422.871
VRTX 498	450.636	822.317	426.852
VRTX 499	363.285	43.2387	430.557
VRTX 500	301.227	367.406	404.41
VRTX 501	227.564	516.353	418.307
VRTX 502	192.596	510.563	421.136
VRTX 503	195.393	429.544	413.653
VRTX 504	210.969	399.235	411.762
VRTX 505	171.37	400.34	416.013
VRTX 506	465.847	7.92811	424.193
VRTX 507	505.022	6.0579	420.649
VRTX 508	446.509	-21.407	429.108
VRTX 509	-112.543	400.121	436.646
VRTX 510	406.201	-20.0648	432.843
VRTX 511	485.888	-22.1621	425.463
VRTX 512	273.094	725.445	435.165
VRTX 513	267.891	691.089	432.229
VRTX 514	184.881	251.472	427.525
VRTX 515	103.025	488.667	427.983
VRTX 516	366.481	567.646	409.963
VRTX 517	394.77	544.961	404.772
VRTX 518	597.914	744.142	404.569
VRTX 519	608.207	754.054	404.54
VRTX 520	384.767	11.8015	431.613
VRTX 521	276.894	-22.5193	445.739
VRTX 522	55.8787	732.524	457.443
VRTX 523	282.622	11.0705	441.803
VRTX 524	352.648	504.166	404.334
VRTX 525	353.407	504.811	404.327
VRTX 526	333.107	486.54	404.391
VRTX 527	326.03	43.5831	434.209
VRTX 528	546.668	791.921	414.366
VRTX 529	531.551	680.268	404.762
VRTX 530	333.425	486.869	404.395
VRTX 531	192.617	8.13358	450.741
VRTX 532	44.0623	574.92	442.858
VRTX 533	87.8893	586.438	439.93
VRTX 534	82.649	556.789	437.274
VRTX 535	79.8546	519.229	433.48
VRTX 536	213.215	-25.2272	451.995
VRTX 537	307.177	458.912	404.507
VRTX 538	280.599	665.84	428.403
VRTX 539	257.349	638.607	428.025
VRTX 540	466.012	614.386	404.777
VRTX 541	439.089	586.912	404.772
VRTX 542	676.773	834.837	405.867
VRTX 543	55.1996	818.566	465.634
VRTX 544	568.343	817.788	414.729
VRTX 545	609.1	817.662	410.737
VRTX 546	234.309	427.708	409.661
VRTX 547	492.002	166.135	405.52
VRTX 548	489.606	168.573	405.514
VRTX 549	492.505	165.624	405.522
VRTX 550	505.708	152.133	405.561
VRTX 551	506.889	150.927	405.565
VRTX 552	363.437	606.22	414.174
VRTX 553	539.371	117.754	405.651
VRTX 554	-71.178	414.378	434.614
VRTX 555	-74.4724	262.355	450.902
VRTX 556	471.358	849.467	427.286
VRTX 557	375.928	820.575	434.229
VRTX 558	228.953	732.315	440.294
VRTX 559	463.848	194.87	405.423
VRTX 560	451.465	207.456	405.375
VRTX 561	220.633	457.837	412.862
VRTX 562	449.491	209.477	405.366
VRTX 563	446.486	212.521	405.355
VRTX 564	433.655	225.484	405.317
VRTX 565	109.06	790.172	457.804
VRTX 566	135.462	817.161	457.831
VRTX 567	151.56	785.595	453.234
VRTX 568	204.342	709.008	440.416
VRTX 569	431.783	227.365	405.309
VRTX 570	41.5853	665.695	452.47
VRTX 571	412.469	246.854	405.226
VRTX 572	-74.0815	292.732	446.903
VRTX 573	-112.543	310.252	447.898
VRTX 574	405.951	253.459	405.198
VRTX 575	403.42	255.984	405.191
VRTX 576	393.677	265.856	405.119
VRTX 577	-112.543	340.208	443.616
VRTX 578	391.839	267.754	405.101
VRTX 579	507.435	727.778	411.94
VRTX 580	391.281	268.323	405.098
VRTX 581	245.432	222.28	424.459
VRTX 582	-73.6164	-109.138	477.364
VRTX 583	413.523	560.767	404.598
VRTX 584	398.848	546.406	404.525
VRTX 585	-112.543	-109.138	477.779
VRTX 586	-112.543	-79.1819	477.708
VRTX 587	118.855	610.955	439.272
VRTX 588	393.094	540.946	404.48
VRTX 589	383.66	531.843	404.385
VRTX 590	-112.543	220.382	459.956
VRTX 591	592.731	739.196	404.588
VRTX 592	531.391	680.111	404.762
VRTX 593	530.774	679.5	404.763
VRTX 594	125.25	223.359	436.275
VRTX 595	401.319	662.753	416.01
VRTX 596	121.017	849.467	462.338
VRTX 597	95.1065	818.231	461.824
VRTX 598	187	192.871	433.207
VRTX 599	247.21	549.237	420.03
VRTX 600	165.823	222.626	432.34
VRTX 601	227.585	192.039	429.251
VRTX 602	550.401	698.627	404.723
VRTX 603	205.928	221.908	428.416
VRTX 604	511.969	660.858	404.778
VRTX 605	506.486	655.355	404.776
VRTX 606	290.175	383.517	404.717
VRTX 607	298.342	371.743	404.435
VRTX 608	-112.543	819.511	480.745
VRTX 609	-112.543	849.467	481.215
VRTX 610	-73.6164	849.467	479.879
VRTX 611	349.994	310.785	404.758
VRTX 612	632.576	790.974	405.808
VRTX 613	638.024	785.964	404.773
VRTX 614	630.134	776.611	404.62
VRTX 615	-112.543	280.295	452.198
VRTX 616	-112.543	250.339	456.274
VRTX 617	376.872	282.877	405.026
VRTX 618	374.911	284.857	405.012
VRTX 619	366.312	293.741	404.928
VRTX 620	340.208	321.169	404.69
VRTX 621	324.448	338.806	404.49
VRTX 622	27.549	700.589	457.201
VRTX 623	-14.4131	700.676	461.277
VRTX 624	14.0298	731.444	461.416
VRTX 625	323.332	340.051	404.476
VRTX 626	323.31	340.073	404.477
VRTX 627	321.47	342.183	404.486
VRTX 628	314.88	349.731	404.522
VRTX 629	310.634	354.601	404.542
VRTX 630	310.176	355.266	404.532
VRTX 631	120.77	545.212	432.32
VRTX 632	158.451	563.696	430.47
VRTX 633	152.988	537.118	428.186
VRTX 634	248.929	398.127	408.045
VRTX 635	480.175	628.763	404.767
VRTX 636	485.79	634.487	404.771
VRTX 637	148.274	371.108	419.989
VRTX 638	130.46	400.784	420.693
VRTX 639	89.4806	400.213	424.868
VRTX 640	110.768	429.577	423
VRTX 641	-65.2743	730.325	469.088
VRTX 642	159.944	849.467	458.535
VRTX 643	176.403	817.12	453.812
VRTX 644	134.921	464.336	422.418
VRTX 645	316.795	792.291	437.408
VRTX 646	154.038	430.916	418.288
VRTX 647	180.371	460.041	417.125
VRTX 648	169.719	489.017	421.073
VRTX 649	139.633	495.054	424.921
VRTX 650	206.526	486.987	417.101
VRTX 651	15.4349	818.398	469.329
VRTX 652	247.162	486.23	413.066
VRTX 653	0.755452	550.01	443.229
VRTX 654	473.544	622.055	404.778
VRTX 655	285.823	552.759	416.566
VRTX 656	310.379	462.576	404.485
VRTX 657	-24.0235	818.008	472.893
VRTX 658	-11.6676	790.559	469.25
VRTX 659	313.684	662.691	424.762
VRTX 660	297.019	443.991	404.5
VRTX 661	275.878	519.574	413.932
VRTX 662	349.08	500.93	404.343
VRTX 663	351.175	502.81	404.335
VRTX 664	-72.9543	570.299	449.665
VRTX 665	372.686	522.022	404.363
VRTX 666	393.748	541.567	404.485
VRTX 667	91.0834	673.234	448.24
VRTX 668	134.872	674.415	443.927
VRTX 669	437.329	585.098	404.764
VRTX 670	433.637	581.228	404.731
VRTX 671	442.349	590.226	404.771
VRTX 672	443.842	659.705	411.458
VRTX 673	472.959	621.46	404.778
VRTX 674	-86.2518	789.495	476.204
VRTX 675	-62.892	817.688	476.338
VRTX 676	453.412	601.47	404.768
VRTX 677	489.155	637.877	404.769
VRTX 678	195.379	789.879	449.323
VRTX 679	216.915	818.202	449.897
VRTX 680	492.442	641.202	404.772
VRTX 681	500.632	649.493	404.778
VRTX 682	524.491	673.271	404.765
VRTX 683	505.549	695.415	408.876
VRTX 684	295.026	638.779	424.251
VRTX 685	235.752	700.507	436.407
VRTX 686	146.416	756.533	450.921
VRTX 687	72.4038	702.648	452.968
VRTX 688	642.918	791.804	404.878
VRTX 689	0.946402	761.46	465.438
VRTX 690	-26.6742	730.837	465.324
VRTX 691	122.816	577.35	435.484
VRTX 692	580.864	727.838	404.626
VRTX 693	575.067	722.308	404.646
VRTX 694	43.1638	849.467	469.749
VRTX 695	-50.6269	789.989	472.871
VRTX 696	4.23704	849.467	473.33
VRTX 697	-34.6897	849.467	476.751
VRTX 698	-112.543	789.554	478.835
VRTX 699	-38.883	760.871	469.22
VRTX 700	34.6037	628.84	449.502
VRTX 701	28.9378	601.241	447.142
VRTX 702	643.336	792.305	404.888
VRTX 703	643.45	792.441	404.89
VRTX 704	686.32	846.486	406.102
VRTX 705	676.845	834.926	405.869
VRTX 706	82.0905	849.467	466.076
VRTX 707	126.699	516.912	428.626
VRTX 708	256.697	818.791	445.973
VRTX 709	163.031	515.599	424.72
VRTX 710	-67.7814	637.557	459.147
VRTX 711	310.832	538.452	412.527
VRTX 712	418.654	566.018	404.648
VRTX 713	157.307	644.937	438.725
VRTX 714	-72.3877	509.417	440.38
VRTX 715	-112.543	489.99	437.814
VRTX 716	13.2	431.308	430.87
VRTX 717	658.229	811.377	405.327
VRTX 718	665.113	820.125	405.529
VRTX 719	198.871	849.467	454.665
VRTX 720	237.797	849.467	450.768
VRTX 721	285.634	397.902	404.538
VRTX 722	276.163	791.538	441.402
VRTX 723	336.269	819.622	438.102
VRTX 724	354.578	849.467	439.123
VRTX 725	588.138	849.467	415.855
VRTX 726	645.147	794.589	404.937
VRTX 727	623.482	769.533	404.571
VRTX 728	626.113	772.262	404.583
VRTX 729	614.725	760.45	404.529
VRTX 730	614.61	760.336	404.53
VRTX 731	611.118	756.919	404.538
VRTX 732	570.502	717.96	404.664
VRTX 733	547.474	695.78	404.729
VRTX 734	546.23	694.567	404.731
VRTX 735	543.168	691.578	404.736
VRTX 736	655.399	807.624	405.23
VRTX 737	657.405	810.28	405.298
VRTX 738	688.838	849.467	406.155
VRTX 739	428.157	575.592	404.693
VRTX 740	398.119	545.735	404.526
VRTX 741	396.159	543.912	404.522
VRTX 742	284.718	406.488	404.668
TRGL 1	0	1	2
TRGL 2	3	4	5
TRGL 3	6	7	8
TRGL 4	9	10	11
TRGL 5	8	7	12
TRGL 6	13	14	15
TRGL 7	16	17	18
TRGL 8	19	20	21
TRGL 9	22	23	24
TRGL 10	6	8	25
TRGL 11	6	26	7
TRGL 12	27	28	29
TRGL 13	30	31	32
TRGL 14	33	34	35
TRGL 15	26	36	7
TRGL 16	37	38	39
TRGL 17	10	15	14
TRGL 18	40	41	42
TRGL 19	43	44	45
TRGL 20	46	47	48
TRGL 21	49	50	51
TRGL 22	52	53	54
TRGL 23	55	56	57
TRGL 24	58	26	6
TRGL 25	59	60	61
TRGL 26	6	25	58
TRGL 27	0	62	63
TRGL 28	38	64	39
TRGL 29	65	66	67
TRGL 30	58	68	26
TRGL 31	15	9	60
TRGL 32	69	70	71
TRGL 33	0	72	73
TRGL 34	26	68	74
TRGL 35	23	75	73
TRGL 36	68	58	76
TRGL 37	77	78	79
TRGL 38	76	58	80
TRGL 39	49	81	82
TRGL 40	83	84	85
TRGL 41	86	87	88
TRGL 42	23	89	75
TRGL 43	90	91	92
TRGL 44	68	76	93
TRGL 45	94	44	95
TRGL 46	49	96	97
TRGL 47	98	93	76
TRGL 48	99	100	90
TRGL 49	101	102	103
TRGL 50	104	42	105
TRGL 51	106	68	93
TRGL 52	106	93	107
TRGL 53	106	74	68
TRGL 54	108	109	110
TRGL 55	106	111	74
TRGL 56	90	100	91
TRGL 57	112	113	114
TRGL 58	74	111	115
TRGL 59	116	24	23
TRGL 60	117	118	119
TRGL 61	22	120	121
TRGL 62	104	105	122
TRGL 63	106	66	111
TRGL 64	123	57	124
TRGL 65	125	126	127
TRGL 66	66	128	111
TRGL 67	103	129	130
TRGL 68	131	124	132
TRGL 69	92	91	89
TRGL 70	133	134	135
TRGL 71	106	136	66
TRGL 72	137	138	139
TRGL 73	140	141	142
TRGL 74	143	144	145
TRGL 75	92	121	90
TRGL 76	67	66	136
TRGL 77	146	147	148
TRGL 78	149	150	151
TRGL 79	106	107	136
TRGL 80	121	92	89
TRGL 81	136	107	152
TRGL 82	153	154	57
TRGL 83	155	156	157
TRGL 84	125	158	100
TRGL 85	159	139	138
TRGL 86	160	152	107
TRGL 87	161	162	163
TRGL 88	136	152	3
TRGL 89	164	117	165
TRGL 90	99	166	126
TRGL 91	3	152	167
TRGL 92	114	113	168
TRGL 93	3	67	136
TRGL 94	126	169	127
TRGL 95	3	5	67
TRGL 96	170	44	171
TRGL 97	172	103	102
TRGL 98	173	174	162
TRGL 99	5	175	67
TRGL 100	176	177	118
TRGL 101	4	178	5
TRGL 102	179	123	131
TRGL 103	180	181	137
TRGL 104	121	89	22
TRGL 105	182	183	184
TRGL 106	127	139	185
TRGL 107	3	167	4
TRGL 108	186	187	188
TRGL 109	4	167	189
TRGL 110	99	125	100
TRGL 111	190	64	191
TRGL 112	192	193	33
TRGL 113	194	189	167
TRGL 114	185	139	159
TRGL 115	4	189	195
TRGL 116	196	197	198
TRGL 117	10	14	199
TRGL 118	9	200	201
TRGL 119	195	189	18
TRGL 120	9	202	203
TRGL 121	103	130	204
TRGL 122	195	178	4
TRGL 123	1	205	2
TRGL 124	206	207	208
TRGL 125	62	75	91
TRGL 126	209	210	187
TRGL 127	195	211	178
TRGL 128	209	44	212
TRGL 129	213	178	211
TRGL 130	195	17	211
TRGL 131	17	214	211
TRGL 132	13	70	2
TRGL 133	195	18	17
TRGL 134	18	186	16
TRGL 135	52	54	215
TRGL 136	125	99	126
TRGL 137	216	71	59
TRGL 138	16	217	17
TRGL 139	218	219	220
TRGL 140	132	221	222
TRGL 141	217	214	17
TRGL 142	118	223	119
TRGL 143	224	225	226
TRGL 144	217	16	165
TRGL 145	127	185	125
TRGL 146	59	15	60
TRGL 147	227	161	228
TRGL 148	189	229	18
TRGL 149	230	165	16
TRGL 150	39	231	232
TRGL 151	133	233	197
TRGL 152	130	234	235
TRGL 153	236	27	237
TRGL 154	217	165	117
TRGL 155	217	117	119
TRGL 156	64	190	238
TRGL 157	0	75	62
TRGL 158	239	240	241
TRGL 159	242	243	186
TRGL 160	217	119	214
TRGL 161	2	14	13
TRGL 162	119	244	214
TRGL 163	101	103	204
TRGL 164	245	246	247
TRGL 165	49	248	81
TRGL 166	214	244	249
TRGL 167	119	223	244
TRGL 168	250	130	235
TRGL 169	128	251	168
TRGL 170	244	223	241
TRGL 171	252	253	254
TRGL 172	255	52	215
TRGL 173	171	44	94
TRGL 174	256	257	258
TRGL 175	118	239	223
TRGL 176	259	260	261
TRGL 177	239	241	223
TRGL 178	262	263	264
TRGL 179	265	266	267
TRGL 180	131	123	124
TRGL 181	221	124	154
TRGL 182	239	118	268
TRGL 183	269	270	271
TRGL 184	37	39	232
TRGL 185	272	105	208
TRGL 186	13	15	59
TRGL 187	177	268	118
TRGL 188	240	239	268
TRGL 189	273	274	275
TRGL 190	0	73	75
TRGL 191	276	277	140
TRGL 192	278	279	280
TRGL 193	240	268	11
TRGL 194	281	29	282
TRGL 195	193	283	34
TRGL 196	104	284	40
TRGL 197	199	241	240
TRGL 198	33	35	40
TRGL 199	199	240	10
TRGL 200	99	90	285
TRGL 201	199	286	241
TRGL 202	287	241	286
TRGL 203	146	148	288
TRGL 204	199	205	286
TRGL 205	86	289	290
TRGL 206	291	292	293
TRGL 207	1	286	205
TRGL 208	199	14	205
TRGL 209	13	59	71
TRGL 210	2	205	14
TRGL 211	294	295	117
TRGL 212	77	293	78
TRGL 213	296	297	298
TRGL 214	299	94	95
TRGL 215	300	301	302
TRGL 216	198	197	233
TRGL 217	297	303	298
TRGL 218	15	10	9
TRGL 219	139	127	169
TRGL 220	291	56	304
TRGL 221	9	51	60
TRGL 222	77	181	180
TRGL 223	270	305	306
TRGL 224	13	71	70
TRGL 225	72	2	70
TRGL 226	307	207	206
TRGL 227	308	72	70
TRGL 228	309	53	52
TRGL 229	0	2	72
TRGL 230	310	191	64
TRGL 231	311	312	313
TRGL 232	103	172	129
TRGL 233	0	63	1
TRGL 234	314	1	63
TRGL 235	283	193	232
TRGL 236	63	62	315
TRGL 237	153	126	154
TRGL 238	9	316	317
TRGL 239	23	73	116
TRGL 240	318	20	319
TRGL 241	320	321	322
TRGL 242	89	91	75
TRGL 243	87	235	88
TRGL 244	22	89	23
TRGL 245	323	324	191
TRGL 246	325	207	102
TRGL 247	90	121	285
TRGL 248	326	327	328
TRGL 249	329	91	100
TRGL 250	77	48	181
TRGL 251	330	273	331
TRGL 252	332	215	323
TRGL 253	125	185	158
TRGL 254	250	131	204
TRGL 255	333	334	335
TRGL 256	139	169	137
TRGL 257	180	137	169
TRGL 258	137	47	138
TRGL 259	336	318	319
TRGL 260	130	129	234
TRGL 261	337	138	47
TRGL 262	137	181	47
TRGL 263	338	339	340
TRGL 264	341	342	247
TRGL 265	214	249	211
TRGL 266	48	47	181
TRGL 267	343	344	88
TRGL 268	77	180	293
TRGL 269	345	95	346
TRGL 270	77	79	48
TRGL 271	347	348	349
TRGL 272	350	351	352
TRGL 273	79	353	48
TRGL 274	79	78	354
TRGL 275	293	292	78
TRGL 276	355	328	356
TRGL 277	162	357	358
TRGL 278	359	78	292
TRGL 279	291	293	360
TRGL 280	278	280	361
TRGL 281	291	362	292
TRGL 282	363	364	219
TRGL 283	365	292	362
TRGL 284	341	247	300
TRGL 285	291	304	362
TRGL 286	39	238	231
TRGL 287	362	304	355
TRGL 288	30	311	31
TRGL 289	86	88	344
TRGL 290	366	367	368
TRGL 291	304	56	55
TRGL 292	291	360	56
TRGL 293	266	369	370
TRGL 294	360	57	56
TRGL 295	153	57	360
TRGL 296	153	360	180
TRGL 297	371	118	372
TRGL 298	154	124	57
TRGL 299	143	309	52
TRGL 300	373	265	374
TRGL 301	208	105	42
TRGL 302	154	126	166
TRGL 303	55	57	123
TRGL 304	153	169	126
TRGL 305	153	180	169
TRGL 306	86	290	327
TRGL 307	221	154	166
TRGL 308	221	166	375
TRGL 309	132	124	221
TRGL 310	376	377	378
TRGL 311	204	131	132
TRGL 312	250	179	131
TRGL 313	379	380	381
TRGL 314	272	325	382
TRGL 315	179	55	123
TRGL 316	326	55	179
TRGL 317	383	384	11
TRGL 318	61	50	385
TRGL 319	326	179	327
TRGL 320	326	304	55
TRGL 321	326	355	304
TRGL 322	192	148	147
TRGL 323	326	328	355
TRGL 324	327	290	328
TRGL 325	49	82	386
TRGL 326	328	290	387
TRGL 327	388	323	215
TRGL 328	250	87	179
TRGL 329	86	327	87
TRGL 330	290	289	389
TRGL 331	86	344	289
TRGL 332	390	289	344
TRGL 333	391	88	235
TRGL 334	250	235	87
TRGL 335	250	204	130
TRGL 336	388	215	54
TRGL 337	172	102	307
TRGL 338	307	102	207
TRGL 339	272	208	207
TRGL 340	206	208	392
TRGL 341	42	392	208
TRGL 342	42	41	392
TRGL 343	104	40	42
TRGL 344	40	35	41
TRGL 345	284	33	40
TRGL 346	193	34	33
TRGL 347	232	193	393
TRGL 348	143	280	394
TRGL 349	283	232	231
TRGL 350	64	238	39
TRGL 351	190	191	324
TRGL 352	191	395	323
TRGL 353	323	388	324
TRGL 354	309	396	53
TRGL 355	396	309	397
TRGL 356	398	399	400
TRGL 357	397	309	401
TRGL 358	402	403	404
TRGL 359	396	397	405
TRGL 360	269	406	270
TRGL 361	396	405	407
TRGL 362	355	356	408
TRGL 363	396	407	409
TRGL 364	398	320	410
TRGL 365	396	409	411
TRGL 366	396	411	412
TRGL 367	396	412	413
TRGL 368	414	415	416
TRGL 369	401	309	417
TRGL 370	29	95	418
TRGL 371	417	309	419
TRGL 372	419	309	420
TRGL 373	421	275	422
TRGL 374	143	420	309
TRGL 375	143	423	420
TRGL 376	143	424	423
TRGL 377	143	425	424
TRGL 378	143	426	425
TRGL 379	143	145	426
TRGL 380	277	276	427
TRGL 381	143	394	144
TRGL 382	428	257	256
TRGL 383	429	394	280
TRGL 384	255	280	143
TRGL 385	143	52	255
TRGL 386	255	430	280
TRGL 387	430	197	280
TRGL 388	332	430	255
TRGL 389	332	255	215
TRGL 390	332	431	430
TRGL 391	112	182	184
TRGL 392	133	430	431
TRGL 393	431	332	395
TRGL 394	332	323	395
TRGL 395	431	395	432
TRGL 396	395	433	432
TRGL 397	431	432	434
TRGL 398	435	436	437
TRGL 399	434	432	433
TRGL 400	133	431	434
TRGL 401	133	434	364
TRGL 402	364	434	219
TRGL 403	133	364	438
TRGL 404	363	438	364
TRGL 405	133	438	439
TRGL 406	440	441	442
TRGL 407	438	443	439
TRGL 408	444	312	30
TRGL 409	353	445	446
TRGL 410	133	439	134
TRGL 411	133	135	447
TRGL 412	133	447	448
TRGL 413	133	448	449
TRGL 414	450	110	376
TRGL 415	451	138	337
TRGL 416	133	449	233
TRGL 417	133	197	430
TRGL 418	329	452	315
TRGL 419	293	180	360
TRGL 420	196	453	197
TRGL 421	453	454	197
TRGL 422	455	456	457
TRGL 423	458	459	385
TRGL 424	454	460	197
TRGL 425	460	461	197
TRGL 426	108	462	109
TRGL 427	461	280	197
TRGL 428	361	280	461
TRGL 429	279	429	280
TRGL 430	438	463	443
TRGL 431	252	464	465
TRGL 432	438	466	463
TRGL 433	467	19	468
TRGL 434	438	469	466
TRGL 435	438	470	469
TRGL 436	438	471	470
TRGL 437	471	438	363
TRGL 438	472	265	267
TRGL 439	473	471	363
TRGL 440	473	363	474
TRGL 441	474	363	475
TRGL 442	475	363	476
TRGL 443	476	363	477
TRGL 444	477	363	478
TRGL 445	297	472	479
TRGL 446	478	363	480
TRGL 447	363	458	480
TRGL 448	256	258	251
TRGL 449	385	49	458
TRGL 450	481	480	458
TRGL 451	218	458	363
TRGL 452	363	219	218
TRGL 453	482	483	484
TRGL 454	458	218	459
TRGL 455	218	220	459
TRGL 456	485	385	459
TRGL 457	486	487	488
TRGL 458	49	481	458
TRGL 459	350	489	351
TRGL 460	385	50	49
TRGL 461	61	385	216
TRGL 462	61	60	50
TRGL 463	60	51	50
TRGL 464	485	216	385
TRGL 465	61	216	59
TRGL 466	485	71	216
TRGL 467	485	69	71
TRGL 468	274	490	491
TRGL 469	482	492	493
TRGL 470	494	115	495
TRGL 471	485	156	69
TRGL 472	496	330	497
TRGL 473	498	69	156
TRGL 474	499	16	243
TRGL 475	485	157	156
TRGL 476	500	501	301
TRGL 477	157	485	459
TRGL 478	157	459	220
TRGL 479	502	503	504
TRGL 480	157	220	505
TRGL 481	506	505	220
TRGL 482	155	157	505
TRGL 483	505	507	155
TRGL 484	8	12	508
TRGL 485	509	155	507
TRGL 486	505	510	507
TRGL 487	38	507	510
TRGL 488	511	406	512
TRGL 489	506	510	505
TRGL 490	506	433	510
TRGL 491	5	513	175
TRGL 492	310	510	433
TRGL 493	434	433	506
TRGL 494	277	427	514
TRGL 495	506	219	434
TRGL 496	506	220	219
TRGL 497	310	433	395
TRGL 498	310	38	510
TRGL 499	251	258	451
TRGL 500	310	64	38
TRGL 501	310	395	191
TRGL 502	515	516	482
TRGL 503	37	507	38
TRGL 504	517	261	518
TRGL 505	37	509	507
TRGL 506	37	393	509
TRGL 507	393	147	509
TRGL 508	37	232	393
TRGL 509	519	509	147
TRGL 510	192	147	393
TRGL 511	192	393	193
TRGL 512	192	284	148
TRGL 513	520	148	284
TRGL 514	192	33	284
TRGL 515	521	462	108
TRGL 516	104	520	284
TRGL 517	522	148	520
TRGL 518	522	520	120
TRGL 519	523	493	524
TRGL 520	522	288	148
TRGL 521	27	525	28
TRGL 522	24	288	522
TRGL 523	522	22	24
TRGL 524	24	526	288
TRGL 525	509	519	155
TRGL 526	146	288	526
TRGL 527	490	415	527
TRGL 528	116	526	24
TRGL 529	526	116	308
TRGL 530	308	116	72
TRGL 531	526	308	498
TRGL 532	282	29	28
TRGL 533	498	308	69
TRGL 534	146	526	498
TRGL 535	146	498	519
TRGL 536	156	519	498
TRGL 537	84	528	489
TRGL 538	519	147	146
TRGL 539	525	27	529
TRGL 540	382	375	530
TRGL 541	155	519	156
TRGL 542	308	70	69
TRGL 543	73	72	116
TRGL 544	531	532	533
TRGL 545	522	120	22
TRGL 546	534	427	298
TRGL 547	520	122	120
TRGL 548	535	120	122
TRGL 549	104	122	520
TRGL 550	105	535	122
TRGL 551	79	354	445
TRGL 552	272	535	105
TRGL 553	346	95	536
TRGL 554	272	382	535
TRGL 555	537	538	410
TRGL 556	162	358	539
TRGL 557	382	530	535
TRGL 558	325	222	382
TRGL 559	272	207	325
TRGL 560	161	163	540
TRGL 561	375	382	222
TRGL 562	252	541	253
TRGL 563	101	222	325
TRGL 564	101	325	102
TRGL 565	101	132	222
TRGL 566	457	542	455
TRGL 567	101	204	132
TRGL 568	375	222	221
TRGL 569	530	375	285
TRGL 570	166	285	375
TRGL 571	530	285	121
TRGL 572	260	543	544
TRGL 573	530	121	120
TRGL 574	503	502	545
TRGL 575	535	530	120
TRGL 576	99	285	166
TRGL 577	49	51	546
TRGL 578	547	546	51
TRGL 579	49	546	548
TRGL 580	49	548	549
TRGL 581	113	115	111
TRGL 582	49	549	550
TRGL 583	551	226	225
TRGL 584	49	550	248
TRGL 585	49	386	96
TRGL 586	49	97	552
TRGL 587	270	306	271
TRGL 588	266	553	369
TRGL 589	112	184	554
TRGL 590	49	552	481
TRGL 591	555	497	262
TRGL 592	203	547	51
TRGL 593	264	263	556
TRGL 594	9	203	51
TRGL 595	557	487	511
TRGL 596	9	317	202
TRGL 597	9	558	316
TRGL 598	314	287	286
TRGL 599	9	559	558
TRGL 600	560	418	545
TRGL 601	9	561	559
TRGL 602	9	562	561
TRGL 603	9	201	562
TRGL 604	9	563	200
TRGL 605	564	565	566
TRGL 606	9	11	563
TRGL 607	534	514	427
TRGL 608	322	378	567
TRGL 609	568	563	11
TRGL 610	569	19	467
TRGL 611	384	568	11
TRGL 612	383	11	570
TRGL 613	36	571	572
TRGL 614	570	11	268
TRGL 615	573	570	268
TRGL 616	574	573	268
TRGL 617	574	268	575
TRGL 618	576	7	36
TRGL 619	575	268	577
TRGL 620	578	274	491
TRGL 621	577	268	579
TRGL 622	579	268	177
TRGL 623	391	235	234
TRGL 624	224	269	347
TRGL 625	179	87	327
TRGL 626	343	88	391
TRGL 627	287	580	249
TRGL 628	344	343	581
TRGL 629	582	583	340
TRGL 630	344	581	390
TRGL 631	584	390	581
TRGL 632	584	585	390
TRGL 633	389	390	585
TRGL 634	389	289	390
TRGL 635	290	389	387
TRGL 636	328	387	356
TRGL 637	408	362	355
TRGL 638	408	365	362
TRGL 639	402	404	586
TRGL 640	365	359	292
TRGL 641	529	27	236
TRGL 642	359	354	78
TRGL 643	353	79	445
TRGL 644	482	587	588
TRGL 645	183	353	446
TRGL 646	495	115	113
TRGL 647	183	446	589
TRGL 648	46	353	183
TRGL 649	46	183	182
TRGL 650	261	590	366
TRGL 651	46	48	353
TRGL 652	46	337	47
TRGL 653	46	182	337
TRGL 654	337	182	114
TRGL 655	112	114	182
TRGL 656	168	337	114
TRGL 657	591	592	489
TRGL 658	168	451	337
TRGL 659	251	451	168
TRGL 660	451	258	159
TRGL 661	45	44	170
TRGL 662	314	580	287
TRGL 663	256	251	593
TRGL 664	225	224	594
TRGL 665	257	159	258
TRGL 666	595	565	596
TRGL 667	256	593	428
TRGL 668	428	452	257
TRGL 669	257	452	158
TRGL 670	452	428	597
TRGL 671	500	301	598
TRGL 672	597	428	599
TRGL 673	452	597	315
TRGL 674	600	315	597
TRGL 675	329	315	62
TRGL 676	329	158	452
TRGL 677	329	100	158
TRGL 678	601	84	83
TRGL 679	62	91	329
TRGL 680	597	602	600
TRGL 681	600	63	315
TRGL 682	314	63	600
TRGL 683	350	603	604
TRGL 684	314	600	580
TRGL 685	600	602	580
TRGL 686	1	314	286
TRGL 687	213	249	580
TRGL 688	244	287	249
TRGL 689	244	241	287
TRGL 690	213	580	602
TRGL 691	213	211	249
TRGL 692	213	602	513
TRGL 693	599	513	602
TRGL 694	513	178	213
TRGL 695	513	5	178
TRGL 696	175	513	599
TRGL 697	175	599	593
TRGL 698	428	593	599
TRGL 699	186	605	606
TRGL 700	175	593	65
TRGL 701	607	608	609
TRGL 702	593	251	65
TRGL 703	65	67	175
TRGL 704	295	610	117
TRGL 705	66	65	128
TRGL 706	128	65	251
TRGL 707	597	599	602
TRGL 708	185	257	158
TRGL 709	185	159	257
TRGL 710	451	159	138
TRGL 711	128	168	113
TRGL 712	113	111	128
TRGL 713	112	495	113
TRGL 714	494	495	571
TRGL 715	494	74	115
TRGL 716	611	612	613
TRGL 717	494	26	74
TRGL 718	494	36	26
TRGL 719	494	571	36
TRGL 720	571	614	572
TRGL 721	36	572	576
TRGL 722	576	12	7
TRGL 723	571	554	614
TRGL 724	554	615	614
TRGL 725	571	495	554
TRGL 726	112	554	495
TRGL 727	554	184	615
TRGL 728	184	183	589
TRGL 729	184	589	615
TRGL 730	10	240	11
TRGL 731	616	176	118
TRGL 732	617	616	118
TRGL 733	618	617	118
TRGL 734	225	594	228
TRGL 735	618	118	371
TRGL 736	372	118	117
TRGL 737	610	372	117
TRGL 738	294	117	619
TRGL 739	619	117	164
TRGL 740	620	164	165
TRGL 741	621	622	623
TRGL 742	624	620	165
TRGL 743	625	624	165
TRGL 744	626	625	165
TRGL 745	626	165	627
TRGL 746	627	165	230
TRGL 747	370	267	266
TRGL 748	628	230	16
TRGL 749	629	628	16
TRGL 750	534	298	303
TRGL 751	499	629	16
TRGL 752	630	631	632
TRGL 753	243	16	186
TRGL 754	373	266	265
TRGL 755	186	606	242
TRGL 756	186	188	605
TRGL 757	511	487	305
TRGL 758	186	209	187
TRGL 759	186	633	209
TRGL 760	633	44	209
TRGL 761	186	229	633
TRGL 762	633	229	503
TRGL 763	18	229	186
TRGL 764	634	357	635
TRGL 765	189	194	229
TRGL 766	194	503	229
TRGL 767	194	504	503
TRGL 768	194	636	504
TRGL 769	637	504	636
TRGL 770	194	167	636
TRGL 771	636	167	152
TRGL 772	406	269	224
TRGL 773	636	152	160
TRGL 774	160	637	636
TRGL 775	160	638	637
TRGL 776	638	639	637
TRGL 777	160	98	638
TRGL 778	638	98	141
TRGL 779	160	107	98
TRGL 780	98	107	93
TRGL 781	76	141	98
TRGL 782	140	638	141
TRGL 783	379	381	640
TRGL 784	638	140	639
TRGL 785	641	642	565
TRGL 786	639	140	277
TRGL 787	639	277	643
TRGL 788	643	277	514
TRGL 789	644	306	305
TRGL 790	643	645	639
TRGL 791	637	639	645
TRGL 792	643	646	645
TRGL 793	502	645	646
TRGL 794	647	646	643
TRGL 795	647	643	648
TRGL 796	649	646	647
TRGL 797	647	501	649
TRGL 798	457	650	542
TRGL 799	649	560	646
TRGL 800	502	646	560
TRGL 801	560	649	651
TRGL 802	500	651	649
TRGL 803	560	651	418
TRGL 804	29	418	651
TRGL 805	531	303	652
TRGL 806	418	44	545
TRGL 807	560	545	502
TRGL 808	333	306	644
TRGL 809	503	545	633
TRGL 810	634	653	357
TRGL 811	515	340	516
TRGL 812	633	545	44
TRGL 813	511	305	270
TRGL 814	418	95	44
TRGL 815	224	347	594
TRGL 816	536	95	29
TRGL 817	247	654	598
TRGL 818	655	536	29
TRGL 819	656	650	657
TRGL 820	406	224	658
TRGL 821	659	95	345
TRGL 822	299	95	659
TRGL 823	655	29	281
TRGL 824	27	29	660
TRGL 825	237	27	661
TRGL 826	661	27	493
TRGL 827	27	482	493
TRGL 828	661	493	662
TRGL 829	318	663	442
TRGL 830	662	493	523
TRGL 831	524	493	492
TRGL 832	482	484	492
TRGL 833	482	664	483
TRGL 834	482	588	664
TRGL 835	482	516	587
TRGL 836	516	665	587
TRGL 837	482	246	515
TRGL 838	660	598	654
TRGL 839	583	516	340
TRGL 840	340	515	551
TRGL 841	551	515	246
TRGL 842	340	551	161
TRGL 843	551	228	161
TRGL 844	666	667	404
TRGL 845	161	668	340
TRGL 846	669	340	668
TRGL 847	161	540	668
TRGL 848	621	623	521
TRGL 849	670	163	162
TRGL 850	227	162	161
TRGL 851	162	227	357
TRGL 852	357	227	671
TRGL 853	357	672	358
TRGL 854	162	539	173
TRGL 855	673	607	674
TRGL 856	174	675	162
TRGL 857	675	670	162
TRGL 858	378	488	557
TRGL 859	357	653	672
TRGL 860	635	357	676
TRGL 861	350	676	357
TRGL 862	677	642	678
TRGL 863	357	671	350
TRGL 864	350	679	676
TRGL 865	350	680	679
TRGL 866	350	604	680
TRGL 867	350	352	603
TRGL 868	681	351	489
TRGL 869	349	273	275
TRGL 870	350	682	489
TRGL 871	84	489	682
TRGL 872	350	422	682
TRGL 873	578	682	422
TRGL 874	521	456	462
TRGL 875	421	422	350
TRGL 876	421	350	671
TRGL 877	578	422	275
TRGL 878	421	349	275
TRGL 879	677	566	642
TRGL 880	347	349	421
TRGL 881	421	594	347
TRGL 882	349	348	335
TRGL 883	269	348	347
TRGL 884	269	271	348
TRGL 885	271	335	348
TRGL 886	511	270	406
TRGL 887	224	226	658
TRGL 888	406	658	537
TRGL 889	658	683	537
TRGL 890	406	537	512
TRGL 891	512	537	410
TRGL 892	684	511	512
TRGL 893	512	410	684
TRGL 894	684	557	511
TRGL 895	557	684	567
TRGL 896	684	320	567
TRGL 897	557	567	378
TRGL 898	557	488	487
TRGL 899	378	377	488
TRGL 900	677	488	377
TRGL 901	322	376	378
TRGL 902	376	685	377
TRGL 903	566	377	685
TRGL 904	110	685	376
TRGL 905	110	109	685
TRGL 906	109	566	685
TRGL 907	108	110	450
TRGL 908	462	564	109
TRGL 909	521	108	686
TRGL 910	455	462	456
TRGL 911	456	521	623
TRGL 912	687	612	611
TRGL 913	456	623	688
TRGL 914	551	225	228
TRGL 915	688	623	689
TRGL 916	690	400	631
TRGL 917	457	456	688
TRGL 918	457	688	657
TRGL 919	691	692	368
TRGL 920	455	542	596
TRGL 921	693	542	650
TRGL 922	457	657	650
TRGL 923	694	656	657
TRGL 924	695	650	656
TRGL 925	695	656	696
TRGL 926	693	650	695
TRGL 927	696	656	674
TRGL 928	694	674	656
TRGL 929	696	674	609
TRGL 930	607	609	674
TRGL 931	694	673	674
TRGL 932	673	697	607
TRGL 933	673	380	697
TRGL 934	673	381	380
TRGL 935	694	381	673
TRGL 936	694	698	381
TRGL 937	640	381	698
TRGL 938	698	694	657
TRGL 939	698	657	688
TRGL 940	688	689	698
TRGL 941	640	698	689
TRGL 942	689	31	640
TRGL 943	31	311	640
TRGL 944	622	31	689
TRGL 945	622	689	623
TRGL 946	622	32	31
TRGL 947	622	467	32
TRGL 948	467	468	32
TRGL 949	621	467	622
TRGL 950	621	569	467
TRGL 951	569	621	686
TRGL 952	521	686	621
TRGL 953	569	686	666
TRGL 954	450	666	686
TRGL 955	569	666	403
TRGL 956	666	404	403
TRGL 957	569	403	699
TRGL 958	402	699	403
TRGL 959	569	699	19
TRGL 960	699	20	19
TRGL 961	699	700	20
TRGL 962	700	319	20
TRGL 963	402	700	699
TRGL 964	333	556	334
TRGL 965	531	700	402
TRGL 966	701	611	702
TRGL 967	531	402	532
TRGL 968	700	531	319
TRGL 969	531	652	319
TRGL 970	336	319	652
TRGL 971	297	652	303
TRGL 972	531	533	303
TRGL 973	534	303	533
TRGL 974	533	532	690
TRGL 975	532	586	690
TRGL 976	703	704	252
TRGL 977	705	542	693
TRGL 978	533	690	630
TRGL 979	630	690	631
TRGL 980	630	534	533
TRGL 981	630	706	534
TRGL 982	706	514	534
TRGL 983	706	630	632
TRGL 984	437	436	707
TRGL 985	706	632	708
TRGL 986	708	632	301
TRGL 987	708	648	706
TRGL 988	706	648	514
TRGL 989	708	647	648
TRGL 990	647	708	501
TRGL 991	708	301	501
TRGL 992	500	649	501
TRGL 993	300	598	301
TRGL 994	660	500	598
TRGL 995	660	651	500
TRGL 996	709	30	32
TRGL 997	660	29	651
TRGL 998	710	660	654
TRGL 999	246	710	654
TRGL 1000	677	678	486
TRGL 1001	710	27	660
TRGL 1002	27	710	482
TRGL 1003	482	710	246
TRGL 1004	246	654	247
TRGL 1005	245	247	342
TRGL 1006	551	246	245
TRGL 1007	711	338	340
TRGL 1008	551	245	226
TRGL 1009	245	683	226
TRGL 1010	450	667	666
TRGL 1011	227	228	594
TRGL 1012	227	594	671
TRGL 1013	421	671	594
TRGL 1014	658	226	683
TRGL 1015	245	342	683
TRGL 1016	712	400	586
TRGL 1017	538	683	342
TRGL 1018	538	342	341
TRGL 1019	537	683	538
TRGL 1020	398	410	538
TRGL 1021	341	398	538
TRGL 1022	684	410	320
TRGL 1023	320	398	712
TRGL 1024	398	400	712
TRGL 1025	320	712	321
TRGL 1026	667	321	712
TRGL 1027	667	322	321
TRGL 1028	320	322	567
TRGL 1029	667	450	322
TRGL 1030	450	376	322
TRGL 1031	667	712	404
TRGL 1032	712	586	404
TRGL 1033	690	586	400
TRGL 1034	400	302	631
TRGL 1035	301	631	302
TRGL 1036	400	399	302
TRGL 1037	399	300	302
TRGL 1038	341	399	398
TRGL 1039	399	341	300
TRGL 1040	247	598	300
TRGL 1041	301	632	631
TRGL 1042	532	402	586
TRGL 1043	643	514	648
TRGL 1044	296	298	427
TRGL 1045	297	296	472
TRGL 1046	265	472	296
TRGL 1047	472	713	479
TRGL 1048	479	652	297
TRGL 1049	479	336	652
TRGL 1050	336	479	149
TRGL 1051	149	479	713
TRGL 1052	705	596	542
TRGL 1053	336	149	663
TRGL 1054	663	149	151
TRGL 1055	336	663	318
TRGL 1056	318	21	20
TRGL 1057	21	318	442
TRGL 1058	21	442	709
TRGL 1059	709	442	441
TRGL 1060	21	709	468
TRGL 1061	709	32	468
TRGL 1062	19	21	468
TRGL 1063	444	30	709
TRGL 1064	709	441	444
TRGL 1065	311	30	312
TRGL 1066	379	311	313
TRGL 1067	379	640	311
TRGL 1068	440	442	663
TRGL 1069	663	151	440
TRGL 1070	149	713	150
TRGL 1071	714	150	713
TRGL 1072	714	713	267
TRGL 1073	472	267	713
TRGL 1074	370	714	267
TRGL 1075	508	369	553
TRGL 1076	331	497	330
TRGL 1077	373	553	266
TRGL 1078	373	25	553
TRGL 1079	8	553	25
TRGL 1080	373	80	25
TRGL 1081	25	80	58
TRGL 1082	373	715	80
TRGL 1083	80	715	142
TRGL 1084	373	374	715
TRGL 1085	715	374	276
TRGL 1086	716	464	717
TRGL 1087	265	296	374
TRGL 1088	374	296	427
TRGL 1089	374	427	276
TRGL 1090	715	276	142
TRGL 1091	276	140	142
TRGL 1092	80	142	141
TRGL 1093	76	80	141
TRGL 1094	508	553	8
TRGL 1095	108	450	686
TRGL 1096	595	596	705
TRGL 1097	564	596	565
TRGL 1098	641	565	595
TRGL 1099	642	566	565
TRGL 1100	642	641	718
TRGL 1101	642	718	678
TRGL 1102	678	718	719
TRGL 1103	677	377	566
TRGL 1104	209	212	720
TRGL 1105	486	678	707
TRGL 1106	677	486	488
TRGL 1107	721	487	486
TRGL 1108	721	486	707
TRGL 1109	721	305	487
TRGL 1110	721	644	305
TRGL 1111	721	436	644
TRGL 1112	436	722	644
TRGL 1113	721	707	436
TRGL 1114	437	707	719
TRGL 1115	331	273	334
TRGL 1116	435	722	436
TRGL 1117	723	722	435
TRGL 1118	723	556	722
TRGL 1119	333	722	556
TRGL 1120	264	556	723
TRGL 1121	334	556	263
TRGL 1122	262	497	263
TRGL 1123	331	263	497
TRGL 1124	555	496	497
TRGL 1125	416	496	555
TRGL 1126	416	415	496
TRGL 1127	490	496	415
TRGL 1128	414	543	415
TRGL 1129	527	415	543
TRGL 1130	724	543	414
TRGL 1131	724	544	543
TRGL 1132	544	724	465
TRGL 1133	544	465	464
TRGL 1134	544	464	611
TRGL 1135	725	611	464
TRGL 1136	260	544	611
TRGL 1137	260	611	726
TRGL 1138	611	727	726
TRGL 1139	260	726	728
TRGL 1140	260	728	729
TRGL 1141	260	729	730
TRGL 1142	260	730	261
TRGL 1143	518	261	730
TRGL 1144	261	368	259
TRGL 1145	259	527	260
TRGL 1146	260	527	543
TRGL 1147	527	259	491
TRGL 1148	259	368	491
TRGL 1149	527	491	490
TRGL 1150	274	330	490
TRGL 1151	490	330	496
TRGL 1152	330	274	273
TRGL 1153	335	334	273
TRGL 1154	331	334	263
TRGL 1155	349	335	273
TRGL 1156	333	335	306
TRGL 1157	271	306	335
TRGL 1158	333	644	722
TRGL 1159	578	275	274
TRGL 1160	578	491	368
TRGL 1161	578	368	84
TRGL 1162	85	84	368
TRGL 1163	578	84	682
TRGL 1164	731	85	368
TRGL 1165	732	84	601
TRGL 1166	733	84	732
TRGL 1167	733	734	84
TRGL 1168	84	734	528
TRGL 1169	528	591	489
TRGL 1170	592	681	489
TRGL 1171	692	731	368
TRGL 1172	367	691	368
TRGL 1173	261	366	368
TRGL 1174	590	261	517
TRGL 1175	611	613	727
TRGL 1176	701	687	611
TRGL 1177	702	611	725
TRGL 1178	735	725	464
TRGL 1179	736	735	464
TRGL 1180	736	464	716
TRGL 1181	252	717	464
TRGL 1182	252	254	717
TRGL 1183	704	541	252
TRGL 1184	737	703	252
TRGL 1185	678	719	707
TRGL 1186	109	564	566
TRGL 1187	564	455	596
TRGL 1188	462	455	564
TRGL 1189	738	340	669
TRGL 1190	711	340	738
TRGL 1191	339	582	340
TRGL 1192	739	516	583
TRGL 1193	740	516	739
TRGL 1194	740	665	516
TRGL 1195	741	44	43
TRGL 1196	212	44	741
TRGL 1197	209	720	210
TRGL 1198	502	504	645
TRGL 1199	637	645	504
