Type	Index	X	Y	Z
VRTX 1	1062.2	-38.9782	259.397
VRTX 2	1052.42	-22.18	258.618
VRTX 3	1086.56	-13.3448	255.198
VRTX 4	863.199	71.0059	267.266
VRTX 5	898.66	94.9915	261.472
VRTX 6	907.094	66.3005	263.387
VRTX 7	-88.0842	700.25	358.501
VRTX 8	-112.543	729.641	363.926
VRTX 9	-66.1446	731.077	359.26
VRTX 10	266.552	-53.6944	339.85
VRTX 11	279.971	-24.5713	335.668
VRTX 12	305.33	-53.0856	336.153
VRTX 13	513.229	509.666	279.475
VRTX 14	546.934	486.121	273.04
VRTX 15	510.4	478.69	276.327
VRTX 16	431.327	632.773	300.011
VRTX 17	398.333	607.762	300.785
VRTX 18	383.783	637.08	305.154
VRTX 19	490.177	311.31	280.971
VRTX 20	509.935	341.593	275.888
VRTX 21	531.637	313.097	276.54
VRTX 22	118.328	761.22	344.13
VRTX 23	151.289	785.561	343.285
VRTX 24	145.973	755.618	340.874
VRTX 25	824.653	4.41593	277.857
VRTX 26	843.617	34.0459	272.861
VRTX 27	864.667	2.97626	273.883
VRTX 28	376.198	369.772	285.922
VRTX 29	356.666	340.336	290.983
VRTX 30	338.719	369.471	290.297
VRTX 31	376.412	818.834	324.05
VRTX 32	393.504	849.467	325.191
VRTX 33	416.599	819.833	320.089
VRTX 34	453.615	478.063	282.218
VRTX 35	479.407	496.071	281.613
VRTX 36	482.92	471.539	278.638
VRTX 37	983.235	-49.8627	267.345
VRTX 38	1003	-75.1801	267.928
VRTX 39	960.939	-78.0684	272.507
VRTX 40	922.135	820.464	268.092
VRTX 41	899.552	849.467	272.131
VRTX 42	938.479	849.467	267.993
VRTX 43	275.516	792.044	331.521
VRTX 44	254.041	762.979	330.843
VRTX 45	235.765	791.8	335.507
VRTX 46	318.759	-23.8263	331.839
VRTX 47	271.746	432.956	296.562
VRTX 48	311.35	453.039	293.674
VRTX 49	305.497	421.749	292.627
VRTX 50	978.907	220.123	240.906
VRTX 51	951.024	202.009	245.367
VRTX 52	952.506	229.01	242.559
VRTX 53	528.463	370.691	271.306
VRTX 54	490.125	370.283	275.389
VRTX 55	600.855	287.851	271.954
VRTX 56	626.326	301.402	267.939
VRTX 57	621.588	278.519	270.846
VRTX 58	637.281	734.523	289.708
VRTX 59	619.896	715.476	289.511
VRTX 60	608.403	733.603	292.479
VRTX 61	148.33	311.897	315.212
VRTX 62	189.071	312.147	310.936
VRTX 63	171.795	282.747	315.711
VRTX 64	295.552	133.656	318.272
VRTX 65	284.892	101.475	322.519
VRTX 66	253.866	132.624	322.512
VRTX 67	597.423	260.165	275.236
VRTX 68	550.317	246.794	281.376
VRTX 69	564.503	287.775	275.753
VRTX 70	743.845	-109.138	300.543
VRTX 71	761.117	-78.4275	294.72
VRTX 72	782.772	-109.138	296.308
VRTX 73	162.602	579.335	321.519
VRTX 74	205.298	610.754	320.389
VRTX 75	216.991	576.816	315.869
VRTX 76	115.715	68.444	342.375
VRTX 77	87.2045	101.114	342.025
VRTX 78	132.305	100.204	337.768
VRTX 79	830.171	311.442	246.132
VRTX 80	848.626	283.348	247.139
VRTX 81	812.787	287.317	250.28
VRTX 82	-78.6841	670.966	354.42
VRTX 83	-54.3994	701.338	355.305
VRTX 84	898.246	312.167	239.987
VRTX 85	900.47	310.023	239.971
VRTX 86	873.074	310.766	242.303
VRTX 87	34.3219	547.852	330.986
VRTX 88	50.3361	512.798	325.725
VRTX 89	0.246998	521.504	329.998
VRTX 90	750.541	797.179	284.795
VRTX 91	728.185	821.094	289.407
VRTX 92	766.136	821.908	285.601
VRTX 93	595.013	312.202	269.921
VRTX 94	-51.1517	790.453	362.745
VRTX 95	-24.3689	818.314	362.814
VRTX 96	-12.4691	791.197	359.286
VRTX 97	290.947	-79.7944	340.209
VRTX 98	63.7692	576.293	331.352
VRTX 99	78.8614	547.57	326.919
VRTX 100	-0.602049	-17.9076	359.167
VRTX 101	28.706	11.2378	354.909
VRTX 102	51.2136	-22.9472	355.669
VRTX 103	186.588	429.316	303.109
VRTX 104	207.035	400.173	300.137
VRTX 105	166.243	399.44	305.786
VRTX 106	719.235	459.208	253.149
VRTX 107	697.847	427.719	253.605
VRTX 108	679.256	462.02	258.082
VRTX 109	357.318	790.369	323.202
VRTX 110	399.869	791.209	319.064
VRTX 111	742.339	352.959	251.127
VRTX 112	727.486	379.299	250.812
VRTX 113	766.137	372.906	246.82
VRTX 114	296.08	819.081	332.062
VRTX 115	315.751	791.439	327.431
VRTX 116	423.772	-50.4054	324.364
VRTX 117	383.451	-51.717	328.449
VRTX 118	396.761	-21.6818	323.858
VRTX 119	712.917	794.447	288.243
VRTX 120	1051.99	3.29496	256.281
VRTX 121	1020.16	20.9704	257.185
VRTX 122	1056.31	37.1605	252.759
VRTX 123	710.247	348.842	254.884
VRTX 124	734.901	321.198	254.988
VRTX 125	-76.7848	761.45	362.943
VRTX 126	807.831	63.1181	273.632
VRTX 127	777.242	101.677	272.953
VRTX 128	827.843	100.021	268.004
VRTX 129	159.068	644.673	328.444
VRTX 130	129.729	614.628	328.39
VRTX 131	127.509	646.041	331.762
VRTX 132	1133.11	-79.1819	257.98
VRTX 133	1094.19	-109.138	262.275
VRTX 134	1091.74	-75.849	260.318
VRTX 135	755.135	252.401	260.136
VRTX 136	733.346	231.746	264.513
VRTX 137	715.947	255.817	263.836
VRTX 138	241.109	-25.4871	339.433
VRTX 139	1069.29	799.765	255.355
VRTX 140	1043.22	822.1	258.063
VRTX 141	1079.28	823.635	256.012
VRTX 142	894.461	33.0757	267.825
VRTX 143	627.589	401.701	258.312
VRTX 144	648.649	436.46	258.841
VRTX 145	669.279	401.207	255.739
VRTX 146	1133.11	789.554	252.072
VRTX 147	1097.53	803.862	254.236
VRTX 148	1111.25	822.74	254.604
VRTX 149	849.553	154.931	260.433
VRTX 150	847.247	124.618	263.675
VRTX 151	808.713	134.219	266.603
VRTX 152	196.331	643.242	324.554
VRTX 153	170.774	618.573	324.63
VRTX 154	227.747	430.558	299.793
VRTX 155	562.227	428.935	265.551
VRTX 156	524.153	426.915	270.407
VRTX 157	537.079	455.465	270.704
VRTX 158	-43.1981	672.348	351.31
VRTX 159	292.458	6.18696	331.338
VRTX 160	304.07	37.9778	326.956
VRTX 161	331.436	7.04589	327.375
VRTX 162	661.48	312.608	263.408
VRTX 163	628.314	335.957	264.15
VRTX 164	672.321	343.957	259.26
VRTX 165	4.23704	849.467	363.33
VRTX 166	14.9963	818.744	359.368
VRTX 167	591.78	793.041	300.054
VRTX 168	632.067	791.975	295.967
VRTX 169	611.998	761.195	294.896
VRTX 170	118.839	701.644	338.225
VRTX 171	67.3289	701.711	343.319
VRTX 172	94.511	733.118	343.717
VRTX 173	214.423	4.16048	339.063
VRTX 174	187.008	35.1191	338.736
VRTX 175	226.878	35.6637	334.817
VRTX 176	989.384	221.854	239.785
VRTX 177	991.153	220.137	239.778
VRTX 178	235.692	639.845	320.278
VRTX 179	807.805	29.5112	277.002
VRTX 180	787.429	8.12477	281.392
VRTX 181	892.986	281.057	243.224
VRTX 182	866.231	248.899	248.924
VRTX 183	253.717	5.24323	335.209
VRTX 184	412.44	730.967	311.778
VRTX 185	382.65	724.56	314.096
VRTX 186	380.789	756.196	317.471
VRTX 187	801.837	661.219	265.971
VRTX 188	824.912	632.664	260.707
VRTX 189	779.291	636.148	265.731
VRTX 190	-112.543	819.511	370.745
VRTX 191	-73.6164	849.467	369.879
VRTX 192	-63.1079	817.891	366.081
VRTX 193	655.722	-55.663	302.865
VRTX 194	680.915	-80.3214	303.355
VRTX 195	642.835	-81.9668	307.319
VRTX 196	222.489	671.966	324.845
VRTX 197	183.36	673.037	328.88
VRTX 198	207.828	702.774	329.441
VRTX 199	1133.11	-19.269	252.325
VRTX 200	1091.14	-45.2354	257.786
VRTX 201	-86.4835	789.708	366.112
VRTX 202	979.255	578.752	239.983
VRTX 203	945.042	574.931	242.726
VRTX 204	989.279	588.516	240.014
VRTX 205	209.926	516.663	310.349
VRTX 206	233.394	545.138	311.131
VRTX 207	248.88	515.664	306.601
VRTX 208	393.433	74.3687	314.512
VRTX 209	418.396	52.4293	314.24
VRTX 210	387.979	39.2508	318.459
VRTX 211	662.581	183.776	276.378
VRTX 212	690.248	200.075	272.003
VRTX 213	699.431	174.456	273.623
VRTX 214	-41.6102	242.435	340.197
VRTX 215	-13.0352	254.546	336.079
VRTX 216	1.65609	223.656	338.302
VRTX 217	191.539	546.069	315.26
VRTX 218	170.264	516.326	314.135
VRTX 219	1055.26	-109.138	265.864
VRTX 220	1050.65	-69.5913	263.042
VRTX 221	144.891	428.091	308.586
VRTX 222	237.797	849.467	340.768
VRTX 223	216.888	818.572	339.96
VRTX 224	198.871	849.467	344.665
VRTX 225	227.77	-54.5491	343.478
VRTX 226	668.78	252.157	268.902
VRTX 227	627.283	235.048	274.79
VRTX 228	633.022	261.524	271.492
VRTX 229	315.651	849.467	333.003
VRTX 230	276.724	849.467	336.885
VRTX 231	1133.11	699.685	243.65
VRTX 232	1094.55	686.99	243.907
VRTX 233	1094.51	718.541	247.341
VRTX 234	587.503	490.181	269.503
VRTX 235	614.767	462.909	263.932
VRTX 236	575.463	459.252	266.891
VRTX 237	155.518	541.499	318.374
VRTX 238	355.585	72.4411	318.391
VRTX 239	842.568	821.415	276.942
VRTX 240	821.699	849.467	281.452
VRTX 241	860.625	849.467	276.673
VRTX 242	27.4912	791.693	355.674
VRTX 243	54.7341	818.872	355.718
VRTX 244	760.657	66.5571	278.138
VRTX 245	295.347	599.597	310.318
VRTX 246	260.171	572.71	311.234
VRTX 247	248.581	606.156	315.642
VRTX 248	-74.9825	230.848	344.822
VRTX 249	-75.5143	200.419	348.305
VRTX 250	-112.543	220.382	349.956
VRTX 251	427.091	762.579	313.491
VRTX 252	265.319	36.6998	330.94
VRTX 253	920.294	609.325	248.542
VRTX 254	897.083	580.227	247.853
VRTX 255	1133.11	819.511	253.966
VRTX 256	344.123	39.0375	322.84
VRTX 257	370.564	7.54028	323.382
VRTX 258	201.85	-26.9357	343.198
VRTX 259	744.684	283.342	257.981
VRTX 260	-39.8743	761.679	359.295
VRTX 261	231.605	732.954	330.102
VRTX 262	192.547	732.556	333.972
VRTX 263	38.7719	192.11	337.948
VRTX 264	84.2632	193.264	333.338
VRTX 265	71.5155	162.541	337.625
VRTX 266	621.531	-28.739	303.06
VRTX 267	669.61	-24.3786	297.66
VRTX 268	699.576	225.946	268.492
VRTX 269	660.894	215.532	273.39
VRTX 270	252.145	-80.1945	343.763
VRTX 271	1026.91	-43.0126	262.655
VRTX 272	285.751	512.945	302.702
VRTX 273	264.091	487.998	302.226
VRTX 274	294.242	565.515	307.108
VRTX 275	272.802	541.921	306.959
VRTX 276	590.379	165.146	285.504
VRTX 277	572.388	195.557	284.25
VRTX 278	618.95	196.686	279.458
VRTX 279	336.019	818.774	328.061
VRTX 280	213.444	-80.7474	347.226
VRTX 281	77.9552	451.656	317.698
VRTX 282	45.2216	473.107	322.095
VRTX 283	95.376	489.008	319.192
VRTX 284	1090.74	21.9364	251.523
VRTX 285	256.529	819.113	336.025
VRTX 286	739.225	487.548	253.796
VRTX 287	758.822	458.368	248.173
VRTX 288	816.887	223.792	256.671
VRTX 289	818.944	260.539	252.496
VRTX 290	512.781	276.162	282.232
VRTX 291	910.207	300.33	239.987
VRTX 292	910.34	300.201	239.987
VRTX 293	52.5279	223.252	333.349
VRTX 294	900.963	-1.3256	270.617
VRTX 295	701.864	397.739	252.843
VRTX 296	688.647	373.494	255.097
VRTX 297	51.8012	605.729	335.437
VRTX 298	88.7092	601.692	331.306
VRTX 299	276.724	-109.138	344.413
VRTX 300	186.897	370.441	305.233
VRTX 301	856.759	458.736	239.827
VRTX 302	837.883	459.469	241.288
VRTX 303	856.875	458.857	239.826
VRTX 304	226.53	370.77	301.132
VRTX 305	669.088	39.6104	290.45
VRTX 306	643.694	8.25761	296.508
VRTX 307	623.452	45.7267	294.501
VRTX 308	102.702	132.129	337.547
VRTX 309	57.8837	132.103	341.907
VRTX 310	540.4	76.0465	299.944
VRTX 311	578.315	55.5583	298.17
VRTX 312	536.896	34.2233	304.607
VRTX 313	739.574	430.707	248.6
VRTX 314	724.87	407.519	250.215
VRTX 315	471.358	849.467	317.286
VRTX 316	455.054	821.423	316.335
VRTX 317	432.431	849.467	321.218
VRTX 318	940.647	48.9632	261.796
VRTX 319	167.517	702.57	333.458
VRTX 320	145.09	672.169	332.634
VRTX 321	1059.4	637.041	240.14
VRTX 322	1039.37	625.561	240.158
VRTX 323	1062.03	640.442	240.356
VRTX 324	635.682	157.361	281.691
VRTX 325	82.0905	849.467	356.076
VRTX 326	94.6783	818.469	351.904
VRTX 327	-28.2033	732.014	355.557
VRTX 328	121.894	547.842	322.531
VRTX 329	130.77	517.622	318.413
VRTX 330	95.4638	522.975	322.675
VRTX 331	-112.543	849.467	371.215
VRTX 332	375.523	427.252	283.978
VRTX 333	357.47	398.261	286.246
VRTX 334	337.602	425.785	288.807
VRTX 335	760.531	515.151	254.733
VRTX 336	741.314	550.643	260.873
VRTX 337	792.314	540.962	254.3
VRTX 338	107.662	577.881	327.029
VRTX 339	237.797	-109.138	347.81
VRTX 340	40.1133	762.762	351.783
VRTX 341	67.8663	791.588	351.887
VRTX 342	1092.47	54.2739	248.187
VRTX 343	-34.6897	849.467	366.751
VRTX 344	205.592	195.806	321.036
VRTX 345	227.776	165	321.892
VRTX 346	192.609	170.668	324.853
VRTX 347	189.212	-55.8673	347.026
VRTX 348	202.201	132.074	327.738
VRTX 349	821.58	-52.2909	284.758
VRTX 350	801.418	-78.754	290.312
VRTX 351	780.35	-50.4769	289.088
VRTX 352	307.728	164.186	314.082
VRTX 353	334.173	135.717	314.294
VRTX 354	-36.7408	498.967	328.499
VRTX 355	-73.4306	509.802	330.546
VRTX 356	-40.1324	530.132	332.837
VRTX 357	823.804	796.766	277.127
VRTX 358	863.045	795.671	272.637
VRTX 359	315.651	-109.138	340.932
VRTX 360	277.881	636.33	315.702
VRTX 361	275.386	68.7872	326.728
VRTX 362	314.892	70.5807	322.605
VRTX 363	814.7	485.955	245.788
VRTX 364	777.505	485.569	249.32
VRTX 365	794.223	508.541	250.364
VRTX 366	784.027	308.288	251.075
VRTX 367	783.603	273.065	254.876
VRTX 368	-7.30227	552.069	334.431
VRTX 369	329.809	-79.4683	336.562
VRTX 370	1101.12	656.856	240.065
VRTX 371	1096.95	654.969	240.038
VRTX 372	1095.09	655.752	240.232
VRTX 373	1016.33	-109.138	269.772
VRTX 374	586.118	-53.0454	309.398
VRTX 375	581.581	-22.5431	306.326
VRTX 376	757.587	-16.2093	287.408
VRTX 377	712.538	-21.5553	292.858
VRTX 378	725.928	9.90389	287.79
VRTX 379	314.874	538.194	302.272
VRTX 380	316.143	507.199	298.842
VRTX 381	876.09	334.302	240.02
VRTX 382	853.103	339.844	241.469
VRTX 383	43.1638	849.467	359.749
VRTX 384	368.53	613.608	304.328
VRTX 385	352.341	631.06	307.689
VRTX 386	1019.26	-2.96652	259.501
VRTX 387	772.504	343.011	248.799
VRTX 388	278.306	464.132	298.402
VRTX 389	695.833	289.909	262.393
VRTX 390	323.434	250.668	304.003
VRTX 391	312.15	283.257	301.856
VRTX 392	355.259	275.626	298.202
VRTX 393	922.615	288.044	239.945
VRTX 394	926.979	283.754	239.927
VRTX 395	-33.8825	466.327	324.837
VRTX 396	-71.8097	478.81	326.752
VRTX 397	606.234	80.3489	292.639
VRTX 398	572.436	85.7169	295.604
VRTX 399	779.12	429.302	243.393
VRTX 400	798.063	458.137	244.19
VRTX 401	-112.543	639.772	353.137
VRTX 402	-112.543	669.729	357.324
VRTX 403	354.578	-109.138	337.341
VRTX 404	674.477	616.074	274.256
VRTX 405	671.252	582.373	271.292
VRTX 406	632.142	615.515	278.327
VRTX 407	-112.543	460.034	325.371
VRTX 408	-70.2473	446.828	324.408
VRTX 409	861.633	-53.4276	280.488
VRTX 410	842.756	-24.9276	279.214
VRTX 411	882.178	-26.3109	275.2
VRTX 412	247.556	702.016	325.372
VRTX 413	-42.7329	559.489	337.259
VRTX 414	-13.4926	576.903	338.114
VRTX 415	588.138	849.467	305.855
VRTX 416	610.094	819.45	300.82
VRTX 417	570.756	819.882	304.707
VRTX 418	152.031	-57.5404	350.362
VRTX 419	175.064	-81.4022	350.552
VRTX 420	136.893	-81.5864	353.668
VRTX 421	-74.5603	570.061	340.008
VRTX 422	-74.7372	540.017	335.132
VRTX 423	-112.543	549.903	337.12
VRTX 424	368.83	-79.1023	332.815
VRTX 425	439.448	-15.6384	319.043
VRTX 426	687.534	7.18286	292.127
VRTX 427	1002.4	-22.8463	262.881
VRTX 428	1031.09	-17.7841	259.923
VRTX 429	776.107	37.6968	279.486
VRTX 430	-44.281	3.44154	360.972
VRTX 431	-77.6162	21.9542	362.311
VRTX 432	-48.7167	34.6022	359.44
VRTX 433	344.22	-52.5073	332.365
VRTX 434	545.524	-56.1321	313.601
VRTX 435	558.18	-34.0257	309.925
VRTX 436	981.475	175.427	245.216
VRTX 437	990.614	200.789	241.688
VRTX 438	1021.74	185.956	240.362
VRTX 439	402.468	673.174	306.93
VRTX 440	351.555	663.186	310.997
VRTX 441	369.398	699.324	312.866
VRTX 442	393.504	-109.138	333.668
VRTX 443	756.505	402.552	246.298
VRTX 444	298.172	485.144	298.402
VRTX 445	468.977	11.2828	313.522
VRTX 446	486.385	-23.2315	315.493
VRTX 447	641.232	517.717	267.69
VRTX 448	654.633	546.583	269.386
VRTX 449	678.958	518.391	264.057
VRTX 450	408.229	-78.6699	328.978
VRTX 451	864.556	104.088	263.948
VRTX 452	115.16	-56.9914	353.334
VRTX 453	480.638	641.065	295.923
VRTX 454	451.647	670.272	301.742
VRTX 455	-5.55575	673.353	347.757
VRTX 456	23.9936	702.383	347.649
VRTX 457	34.603	671.175	343.557
VRTX 458	988.472	2.31321	261.665
VRTX 459	699.815	489.318	258.676
VRTX 460	586.547	225.096	279.88
VRTX 461	1127.44	98.4753	240.549
VRTX 462	1092.86	85.7897	244.87
VRTX 463	1125.99	99.6224	240.547
VRTX 464	655.276	762.307	290.714
VRTX 465	-112.543	430.077	325.017
VRTX 466	432.431	-109.138	329.997
VRTX 467	124.856	398.631	311.243
VRTX 468	-68.1522	638.172	349.62
VRTX 469	198.871	-109.138	351.105
VRTX 470	788.035	246.755	257.249
VRTX 471	-13.7621	20.1908	357.656
VRTX 472	-24.2159	46.4122	356.696
VRTX 473	8.39964	43.3791	354.187
VRTX 474	-112.543	-109.138	367.779
VRTX 475	-90.7495	-82.2847	367.039
VRTX 476	-73.6164	-109.138	367.364
VRTX 477	510.487	2.87042	310.469
VRTX 478	493.165	33.0299	309.012
VRTX 479	800.664	395.921	240.684
VRTX 480	796.475	363.941	244.314
VRTX 481	21.7775	577.519	335.445
VRTX 482	448.186	-78.6428	325.149
VRTX 483	553.063	624.909	287.05
VRTX 484	523.345	650.18	292.548
VRTX 485	557.95	650.967	289.164
VRTX 486	-35.2928	621.133	345.075
VRTX 487	-30.8198	649.428	347.779
VRTX 488	603.602	518.522	271.295
VRTX 489	626.141	491.477	266.183
VRTX 490	-46.5497	92.329	355.248
VRTX 491	-78.3119	81.5583	358.819
VRTX 492	-77.724	111.342	356.63
VRTX 493	471.358	-109.138	326.314
VRTX 494	-16.4551	702.317	351.64
VRTX 495	280.32	259.053	307.35
VRTX 496	260.774	225.09	312.645
VRTX 497	236.384	255.206	312.015
VRTX 498	694.998	323.139	259.04
VRTX 499	939.399	703.252	256.482
VRTX 500	951.827	736.369	258.544
VRTX 501	983.358	711.226	253.531
VRTX 502	839.152	546.651	250.088
VRTX 503	868.648	520.63	244.477
VRTX 504	826.969	515.249	247.862
VRTX 505	465.611	-51.1057	320.452
VRTX 506	738.127	582.694	264.553
VRTX 507	711.536	573.694	266.381
VRTX 508	711.186	605.347	269.564
VRTX 509	432.26	256.871	292.105
VRTX 510	453.865	222.267	293.571
VRTX 511	412.87	222.041	297.863
VRTX 512	557.049	522.778	276.309
VRTX 513	587.864	548.56	275.996
VRTX 514	488.301	-79.4907	321.471
VRTX 515	654.215	675.985	282.147
VRTX 516	662.417	643.749	278.141
VRTX 517	622.801	655.661	283.211
VRTX 518	695.305	634.546	274.008
VRTX 519	3.63668	607.175	340.3
VRTX 520	-40.0939	589.099	341.347
VRTX 521	-76.7373	-8.73331	363.757
VRTX 522	-77.4526	-38.3637	365.064
VRTX 523	-112.543	-19.269	366.296
VRTX 524	1057.01	69.712	249.523
VRTX 525	102.91	425.99	313.8
VRTX 526	122.148	456.834	313.139
VRTX 527	1.21073	643.231	344.104
VRTX 528	879.841	671.876	259.12
VRTX 529	837.765	669.481	263.16
VRTX 530	858.13	707.204	264.883
VRTX 531	510.285	-109.138	322.688
VRTX 532	941.778	9.57035	265.442
VRTX 533	348.728	514.488	296.147
VRTX 534	333.676	483.931	294.221
VRTX 535	921.962	-24.9927	270.934
VRTX 536	527.842	-80.5506	317.95
VRTX 537	227.879	313.044	306.92
VRTX 538	264.095	314.347	303.346
VRTX 539	250.039	285.875	307.556
VRTX 540	494.486	68.5939	305.299
VRTX 541	455.908	80.2136	307.909
VRTX 542	470.379	103.915	304.139
VRTX 543	506.805	-54.1403	316.963
VRTX 544	329.457	698.608	316.788
VRTX 545	304.926	667.312	316.091
VRTX 546	502.003	451.938	274.637
VRTX 547	468.584	451.655	278.269
VRTX 548	328.644	574.155	304.441
VRTX 549	370.608	584.868	301.266
VRTX 550	359.201	548.766	298.77
VRTX 551	244.581	99.1299	326.78
VRTX 552	627.065	849.467	302.124
VRTX 553	649.79	819.409	296.941
VRTX 554	756.74	16.2522	283.802
VRTX 555	737.043	42.017	283.116
VRTX 556	702.977	64.9322	284.25
VRTX 557	691.761	106.397	281.149
VRTX 558	733.384	88.1618	278.755
VRTX 559	1060.17	672.363	244.133
VRTX 560	1021.14	690.243	248.597
VRTX 561	1059.6	705.248	247.754
VRTX 562	549.211	-109.138	319.175
VRTX 563	-112.543	519.947	331.93
VRTX 564	811.201	339.179	245.272
VRTX 565	710.075	700.509	279.073
VRTX 566	677.408	695.345	281.791
VRTX 567	678.91	728.135	284.935
VRTX 568	738.148	-50.4773	293.668
VRTX 569	662.151	491.184	262.835
VRTX 570	-112.543	340.208	333.616
VRTX 571	-74.1033	353.155	329.237
VRTX 572	-73.8544	322.301	332.966
VRTX 573	-0.461782	762.406	355.588
VRTX 574	963.43	-23.448	266.614
VRTX 575	567.064	-80.6879	314.358
VRTX 576	696.147	548.147	265.384
VRTX 577	1055.26	849.467	258.218
VRTX 578	415.376	484.328	286.251
VRTX 579	395.639	520.76	292.189
VRTX 580	441.898	508.559	286.559
VRTX 581	588.729	637.017	284.712
VRTX 582	782.372	156.669	267.059
VRTX 583	768.966	135.271	270.504
VRTX 584	618.77	573.012	275.473
VRTX 585	588.138	-109.138	315.664
VRTX 586	211.779	283.634	311.556
VRTX 587	246.102	460.654	301.129
VRTX 588	605.589	-81.623	310.853
VRTX 589	373.65	486.211	290.248
VRTX 590	646.415	468.746	261.904
VRTX 591	854.834	488.877	242.529
VRTX 592	-38.8076	303.318	332.461
VRTX 593	-74.5256	291.486	337.054
VRTX 594	548.626	561.1	281.171
VRTX 595	577.923	575.725	279.701
VRTX 596	860.625	-109.138	287.487
VRTX 597	841.284	-79.3844	285.919
VRTX 598	880.871	-79.6416	281.491
VRTX 599	23.9462	253.185	332.795
VRTX 600	886.872	488.479	239.908
VRTX 601	891.8	493.098	239.873
VRTX 602	354.361	455.695	288.732
VRTX 603	627.065	-109.138	312.043
VRTX 604	977.406	-109.138	273.995
VRTX 605	621.256	540.776	271.999
VRTX 606	262.861	669.841	320.576
VRTX 607	11.8027	732.652	351.696
VRTX 608	622.457	-60.9419	306.797
VRTX 609	301.867	369.815	294.285
VRTX 610	321.143	397.441	290.801
VRTX 611	704.918	-109.138	304.537
VRTX 612	720.737	-79.0057	299.106
VRTX 613	548.249	593.532	284.425
VRTX 614	586.416	603.059	281.568
VRTX 615	979.453	67.7964	256.409
VRTX 616	981.935	33.7088	259.349
VRTX 617	772.432	576.706	260.326
VRTX 618	795.776	604.523	260.804
VRTX 619	813.919	574.346	255.699
VRTX 620	1133.11	10.6874	249.4
VRTX 621	665.992	-109.138	308.366
VRTX 622	962.934	820.278	264.216
VRTX 623	977.406	849.467	264.275
VRTX 624	967.112	607.86	243.898
VRTX 625	268.59	164.032	317.93
VRTX 626	-49.3747	-58.6423	364.453
VRTX 627	-11.7387	-53.7493	362.076
VRTX 628	-22.9425	-81.2197	364.188
VRTX 629	733.288	642.075	270.969
VRTX 630	695.003	666.624	277.194
VRTX 631	357.71	-23.0399	327.906
VRTX 632	696.356	-52.6877	298.35
VRTX 633	978.935	578.438	239.982
VRTX 634	24.7824	71.7694	350.485
VRTX 635	41.4983	102.088	346.293
VRTX 636	70.0513	70.0676	346.49
VRTX 637	126.935	736.991	340.916
VRTX 638	672.909	792.62	292.003
VRTX 639	271.319	732.394	326.046
VRTX 640	754.827	607.751	265.364
VRTX 641	325.392	103.657	318.291
VRTX 642	719.324	518.098	259.698
VRTX 643	1056.89	134.72	242.687
VRTX 644	1059.04	156.33	240.162
VRTX 645	1074.66	142.649	240.247
VRTX 646	206.992	459.215	304.056
VRTX 647	501.823	727.974	302.523
VRTX 648	472.666	700.066	302.64
VRTX 649	453.389	732.117	307.799
VRTX 650	394.352	456.151	284.74
VRTX 651	821.699	-109.138	291.953
VRTX 652	57.5738	-79.8115	359.344
VRTX 653	82.0905	-109.138	359.902
VRTX 654	43.1638	-109.138	362.31
VRTX 655	-46.6542	122.501	352.828
VRTX 656	-77.5696	141.011	354.212
VRTX 657	207.243	341.429	306.013
VRTX 658	902.908	731.495	262.702
VRTX 659	511.316	545.027	283.393
VRTX 660	90.3292	634.142	334.325
VRTX 661	405.085	583.019	297.681
VRTX 662	195.527	790.212	339.402
VRTX 663	214.625	762.427	334.756
VRTX 664	176.269	760.294	338.354
VRTX 665	227.35	488.15	305.584
VRTX 666	474.078	528.227	285.487
VRTX 667	465.561	566.617	290.151
VRTX 668	735.477	122.634	275.115
VRTX 669	338.981	606.461	306.582
VRTX 670	173.181	2.32606	343.099
VRTX 671	320.006	634.185	311.251
VRTX 672	899.552	-109.138	282.958
VRTX 673	844.19	446.694	239.912
VRTX 674	842.005	444.644	239.873
VRTX 675	1133.11	-49.2254	255.181
VRTX 676	767.303	223.979	261.83
VRTX 677	-46.9108	151.212	350.316
VRTX 678	-19.9923	133.728	349.308
VRTX 679	920.603	-79.2776	277.009
VRTX 680	167.889	195.614	324.831
VRTX 681	831.415	600.204	256.636
VRTX 682	800.718	403.664	240.89
VRTX 683	800.625	403.77	240.901
VRTX 684	901.489	-53.4281	276.16
VRTX 685	938.479	-109.138	278.403
VRTX 686	-112.543	579.859	342.749
VRTX 687	-72.4158	601.473	344.837
VRTX 688	941.951	-52.2782	271.752
VRTX 689	97.5289	36.0488	346.971
VRTX 690	75.4598	5.46656	351.489
VRTX 691	51.0836	39.7339	350.792
VRTX 692	176.322	817.35	343.885
VRTX 693	159.944	849.467	348.535
VRTX 694	426.675	76.2607	311.122
VRTX 695	247.29	400.664	297.583
VRTX 696	159.382	164.724	328.766
VRTX 697	954.405	554.537	239.997
VRTX 698	948.578	548.778	239.972
VRTX 699	743.845	849.467	290.576
VRTX 700	704.918	849.467	294.586
VRTX 701	733.412	65.5452	281.049
VRTX 702	939.796	247.578	242.02
VRTX 703	912.652	226.666	246.607
VRTX 704	910.653	256.333	243.907
VRTX 705	526.459	-29.1563	312.399
VRTX 706	-76.8131	170.49	351.466
VRTX 707	1133.11	-109.138	259.992
VRTX 708	773.632	741.446	276.843
VRTX 709	770.634	775.366	280.566
VRTX 710	803.603	770.269	276.743
VRTX 711	432.895	594.221	296.061
VRTX 712	426.81	569.042	294.197
VRTX 713	1133.11	40.6438	246.378
VRTX 714	112.198	664.526	335.164
VRTX 715	1019.44	52.5897	254.333
VRTX 716	1062.67	771.04	253.744
VRTX 717	1031.35	795.458	257.41
VRTX 718	146.072	370.13	310.222
VRTX 719	470.97	341.387	279.898
VRTX 720	451.985	370.216	279.031
VRTX 721	80.6291	762.495	347.896
VRTX 722	53.1514	732.791	347.703
VRTX 723	155.122	731.957	337.636
VRTX 724	1034.29	622.181	240.109
VRTX 725	1029.45	624.235	240.672
VRTX 726	1035.92	623.305	240.129
VRTX 727	883.435	766.936	267.988
VRTX 728	862.184	742.828	267.97
VRTX 729	843.244	768.948	272.464
VRTX 730	399.621	706.234	310.553
VRTX 731	-112.543	190.426	353.204
VRTX 732	4.55872	487.912	325.756
VRTX 733	433.697	103.472	307.78
VRTX 734	38.7809	442.127	320.062
VRTX 735	298.872	313.496	300.065
VRTX 736	280.892	291.061	304.087
VRTX 737	1075.75	141.718	240.251
VRTX 738	1090.32	129.089	240.361
VRTX 739	939.002	82.8256	258.748
VRTX 740	1056.72	102.237	246.193
VRTX 741	1018.1	85.8379	251.222
VRTX 742	1016.38	119.922	247.876
VRTX 743	512.9	194.581	290.4
VRTX 744	541.89	199.449	286.937
VRTX 745	543.82	170.421	289.733
VRTX 746	200.541	66.1386	334.414
VRTX 747	237.829	66.5962	330.687
VRTX 748	590.92	11.9152	301.447
VRTX 749	510.747	104.534	300.023
VRTX 750	126.192	-2.33515	347.76
VRTX 751	130.78	-35.3364	350.223
VRTX 752	96.0247	-28.1305	352.51
VRTX 753	492.585	220.234	289.806
VRTX 754	526.993	219.987	286.357
VRTX 755	580.119	673.579	289.231
VRTX 756	541.328	699.667	295.724
VRTX 757	586.324	713.597	292.65
VRTX 758	1028.18	184.509	239.94
VRTX 759	1033.01	180.035	239.975
VRTX 760	1060.68	637.765	240.137
VRTX 761	1060.47	637.662	240.139
VRTX 762	404.828	6.35518	320.054
VRTX 763	802.321	-22.2972	283.263
VRTX 764	1010.3	605.702	240.024
VRTX 765	1001.86	599.424	240.049
VRTX 766	1003.5	608.683	240.856
VRTX 767	618.698	689.88	287.049
VRTX 768	647.947	706.382	285.815
VRTX 769	104.334	370.296	314.772
VRTX 770	125.794	341.266	314.797
VRTX 771	82.5832	342.428	318.89
VRTX 772	285.427	398.913	294.526
VRTX 773	127.839	194.123	328.96
VRTX 774	-112.543	699.685	360.892
VRTX 775	-49.4528	63.043	357.633
VRTX 776	368.349	107.772	313.697
VRTX 777	-112.543	130.513	358.474
VRTX 778	404.59	98.2936	311.107
VRTX 779	881.001	482.721	239.929
VRTX 780	697.456	763.635	286.664
VRTX 781	318.966	340.847	295.071
VRTX 782	-43.6648	180.066	347.234
VRTX 783	-5.11713	187.851	342.733
VRTX 784	-12.5305	157.913	346.344
VRTX 785	887.016	128.763	259.305
VRTX 786	351.472	728.755	317.628
VRTX 787	553.122	794.422	303.991
VRTX 788	945.628	545.858	239.959
VRTX 789	942.422	542.761	239.967
VRTX 790	940.638	546.015	240.413
VRTX 791	97.9557	223.533	328.907
VRTX 792	511.933	791.243	307.763
VRTX 793	531.401	819.834	308.562
VRTX 794	742.432	160.299	270.717
VRTX 795	159.883	67.3806	338.265
VRTX 796	1133.11	70.6002	243.197
VRTX 797	867.753	342.247	240.065
VRTX 798	870.641	339.61	240.019
VRTX 799	1133.11	849.467	254.911
VRTX 800	1094.19	849.467	255.969
VRTX 801	1057.87	157.384	240.152
VRTX 802	731.308	676.271	274.554
VRTX 803	881.976	820.88	272.395
VRTX 804	344.404	164.745	310.462
VRTX 805	550.812	-6.56174	307.573
VRTX 806	937.353	273.393	239.919
VRTX 807	941.504	269.254	239.911
VRTX 808	1022.33	724.642	252.018
VRTX 809	176.433	98.6002	333.604
VRTX 810	913.994	527.651	241.063
VRTX 811	934.295	534.788	239.952
VRTX 812	933.226	533.749	239.951
VRTX 813	187.729	487.822	309.106
VRTX 814	738.526	768.102	283.034
VRTX 815	832.148	187.34	258.902
VRTX 816	782.663	188.316	263.896
VRTX 817	831.854	432.457	239.482
VRTX 818	831.05	431.806	239.476
VRTX 819	689.363	820.029	293.138
VRTX 820	665.992	849.467	298.385
VRTX 821	1092.96	117.108	241.451
VRTX 822	1101.35	119.909	240.396
VRTX 823	1103.16	118.355	240.416
VRTX 824	652.831	79.3823	287.912
VRTX 825	623.725	107.141	288.023
VRTX 826	653.799	111.288	284.514
VRTX 827	212.57	92.6324	330.616
VRTX 828	398.203	558.358	295.904
VRTX 829	435.603	192.299	298.634
VRTX 830	396.419	191.866	302.668
VRTX 831	555.265	217.25	283.796
VRTX 832	365.564	140.247	310.804
VRTX 833	-112.543	-49.2255	367.14
VRTX 834	-77.2605	-63.1516	365.976
VRTX 835	455.142	49.1553	311.044
VRTX 836	429.124	23.5623	316.039
VRTX 837	283.743	194.036	313.482
VRTX 838	244.287	194.717	317.29
VRTX 839	148.551	132.026	333.07
VRTX 840	116.01	163.294	333.199
VRTX 841	905.014	192.022	250.944
VRTX 842	937.542	169.258	250.112
VRTX 843	375.79	310.432	292.141
VRTX 844	336.051	310.573	296.458
VRTX 845	854.829	577.485	251.801
VRTX 846	143.825	34.5661	342.865
VRTX 847	885.142	324.946	240.068
VRTX 848	882.995	327.063	240.066
VRTX 849	636.71	128.874	284.462
VRTX 850	-40.6721	211.077	343.705
VRTX 851	162.675	-29.7082	346.973
VRTX 852	113.217	253.219	324.424
VRTX 853	68.8861	253.267	328.598
VRTX 854	-7.11527	103.834	350.709
VRTX 855	14.5974	132.055	346.125
VRTX 856	-15.9671	70.3212	354.231
VRTX 857	801.049	403.453	240.857
VRTX 858	37.7494	345.553	322.174
VRTX 859	21.5076	375.529	320.849
VRTX 860	62.3375	371.704	318.401
VRTX 861	354.578	849.467	329.123
VRTX 862	942.323	268.459	239.907
VRTX 863	-78.6322	51.973	360.716
VRTX 864	-112.543	70.6002	362.381
VRTX 865	-112.543	40.6438	363.915
VRTX 866	-112.543	100.557	360.579
VRTX 867	-112.543	10.6874	365.217
VRTX 868	585.286	341.818	267.743
VRTX 869	564.886	319.446	272.288
VRTX 870	-112.543	160.469	356.017
VRTX 871	-41.2787	367.083	325.643
VRTX 872	-38.2113	396.655	323.276
VRTX 873	-12.365	379.442	322.719
VRTX 874	414.044	370.127	282.125
VRTX 875	395.147	398.793	281.105
VRTX 876	432.951	398.754	278.47
VRTX 877	145.444	487.72	313.463
VRTX 878	1059.64	738.602	251.093
VRTX 879	1018.18	761.695	255.709
VRTX 880	27.6201	161.015	342.088
VRTX 881	988.727	793.645	260.391
VRTX 882	880.915	551.435	246.466
VRTX 883	915.072	556.045	243.686
VRTX 884	893.06	317.411	240.004
VRTX 885	-112.543	250.339	346.274
VRTX 886	-75.0996	261.17	341.078
VRTX 887	77.9683	668.539	338.986
VRTX 888	43.2084	638.204	339.429
VRTX 889	-112.543	280.295	342.198
VRTX 890	-42.2059	272.381	336.578
VRTX 891	786.48	797.952	281.262
VRTX 892	-4.49937	280.635	332.227
VRTX 893	6.60482	316.614	327.296
VRTX 894	39.8793	283.423	328.039
VRTX 895	-38.6822	336.031	328.633
VRTX 896	-4.9582	353.391	324.453
VRTX 897	-112.543	310.252	337.898
VRTX 898	-112.543	370.164	329.684
VRTX 899	869.326	181.399	255.679
VRTX 900	895.105	161.81	255.109
VRTX 901	-73.6362	383.568	326.191
VRTX 902	-112.543	400.121	326.646
VRTX 903	-71.1656	414.621	324.277
VRTX 904	-28.7996	430.628	322.364
VRTX 905	975.34	672.178	250.15
VRTX 906	3.53831	404.446	320.217
VRTX 907	44.2679	398.673	318.387
VRTX 908	1081.08	648.239	240.161
VRTX 909	1064.15	639.47	240.113
VRTX 910	59.6181	313.851	323.32
VRTX 911	860.559	349.305	240.143
VRTX 912	511.733	242.508	285.621
VRTX 913	105.49	312.394	319.434
VRTX 914	86.1644	283.049	323.988
VRTX 915	472.182	605.332	293.25
VRTX 916	567.173	370.905	266.778
VRTX 917	546.301	399.511	267.474
VRTX 918	585.947	400.451	261.935
VRTX 919	130.117	282.622	319.905
VRTX 920	155.46	253.333	320.298
VRTX 921	823.692	738.456	271.506
VRTX 922	540.457	771.038	302.955
VRTX 923	549.149	740.53	299.054
VRTX 924	515.706	759.901	304.319
VRTX 925	140.601	223.99	324.694
VRTX 926	664.905	134.325	281.052
VRTX 927	180.975	224.445	320.637
VRTX 928	585.727	743.346	295.707
VRTX 929	1095.11	125.119	240.375
VRTX 930	196.064	253.857	316.175
VRTX 931	220.519	224.731	316.656
VRTX 932	475.172	192.864	294.474
VRTX 933	672.401	158.612	277.888
VRTX 934	135.187	817.337	347.901
VRTX 935	301.099	223.568	308.87
VRTX 936	820.785	430.31	239.942
VRTX 937	825.196	426.684	239.606
VRTX 938	820.48	423.168	239.85
VRTX 939	322	193.067	309.855
VRTX 940	31.4239	-52.0543	359.185
VRTX 941	75.1559	-54.1593	356.199
VRTX 942	338.76	220.259	305.531
VRTX 943	358.942	192.097	306.352
VRTX 944	-112.543	609.816	348.221
VRTX 945	380.61	163.405	307.069
VRTX 946	419.237	162.131	303.384
VRTX 947	374.515	219.757	302.038
VRTX 948	1116.48	107.252	240.525
VRTX 949	1116.08	107.576	240.523
VRTX 950	996.546	595.641	240.119
VRTX 951	355.538	243.121	301.566
VRTX 952	725.194	734.269	280.952
VRTX 953	387.792	249.861	297.523
VRTX 954	399.208	282.474	292.743
VRTX 955	766.418	669.505	270.375
VRTX 956	807.93	418.958	240.706
VRTX 957	807.023	418.51	240.769
VRTX 958	477.731	250	288.235
VRTX 959	810.731	164.457	263.421
VRTX 960	465.688	282.761	286.069
VRTX 961	867.756	469.964	239.962
VRTX 962	857.65	459.796	239.849
VRTX 963	869.491	612.34	253.981
VRTX 964	288.035	700.464	321.138
VRTX 965	926.156	765.29	263.516
VRTX 966	499.816	165.239	294.826
VRTX 967	433.514	542.167	290.864
VRTX 968	525.733	136.561	295.138
VRTX 969	861.989	645.511	258.224
VRTX 970	899.708	641.492	253.946
VRTX 971	459.335	163.191	299.221
VRTX 972	484.686	134.31	299.614
VRTX 973	444.475	132.731	303.822
VRTX 974	803.997	821.905	281.446
VRTX 975	401.917	129.683	308.304
VRTX 976	1003.78	820.712	260.855
VRTX 977	432.749	341.519	283.259
VRTX 978	475.154	767.419	309.129
VRTX 979	475.18	799.774	312.264
VRTX 980	567.079	137.125	290.78
VRTX 981	9.85191	430.408	320.677
VRTX 982	31.8076	419.683	319.302
VRTX 983	550.404	108.078	295.552
VRTX 984	704.451	32.6899	287.527
VRTX 985	165.751	458.241	307.977
VRTX 986	846.009	448.757	239.972
VRTX 987	853.12	455.402	239.879
VRTX 988	-112.543	759.598	366.549
VRTX 989	587.51	108.728	291.611
VRTX 990	606.557	134.059	287.018
VRTX 991	751.466	703.394	275.248
VRTX 992	470.526	398.563	275.819
VRTX 993	1017.85	153.881	244.128
VRTX 994	492.597	820.901	312.51
VRTX 995	700.765	142.905	276.602
VRTX 996	932.304	115.563	256.174
VRTX 997	976.006	102.163	253.375
VRTX 998	730.27	200.726	267.938
VRTX 999	831.774	368.693	240.728
VRTX 1000	1133.11	93.8868	240.587
VRTX 1001	801.728	698.685	269.744
VRTX 1002	167.339	341.098	310.332
VRTX 1003	866.584	210.137	252.938
VRTX 1004	431.854	702.274	306.941
VRTX 1005	1097.25	779.3	252.658
VRTX 1006	995.407	215.902	239.793
VRTX 1007	1110.36	112.344	240.477
VRTX 1008	335.185	760.615	322.448
VRTX 1009	311.634	730.952	321.839
VRTX 1010	966.791	244.293	239.837
VRTX 1011	963	248.042	239.841
VRTX 1012	970.178	240.915	239.836
VRTX 1013	1023.52	655.654	244.656
VRTX 1014	977.734	233.472	239.807
VRTX 1015	900.466	696.956	259.597
VRTX 1016	978.59	232.637	239.803
VRTX 1017	979.859	231.375	239.799
VRTX 1018	505.835	695.383	298.846
VRTX 1019	969.506	140.098	250.091
VRTX 1020	924.143	143.268	254.147
VRTX 1021	108.322	790.285	347.903
VRTX 1022	1006.04	205.414	239.842
VRTX 1023	1012.43	199.293	239.875
VRTX 1024	871.472	473.895	240.004
VRTX 1025	294.029	762.376	326.75
VRTX 1026	-34.6897	-109.138	366.087
VRTX 1027	-58.8983	-82.9811	365.919
VRTX 1028	1093.09	126.787	240.371
VRTX 1029	509.874	581.25	287.106
VRTX 1030	990.808	634.627	244.767
VRTX 1031	1074.93	142.411	240.249
VRTX 1032	1074.89	142.451	240.248
VRTX 1033	1056.27	158.826	240.141
VRTX 1034	782.772	849.467	286.181
VRTX 1035	1050.31	164.212	240.095
VRTX 1036	945.827	639.356	249.22
VRTX 1037	923.171	670.839	254.706
VRTX 1038	1043.53	170.284	240.061
VRTX 1039	450.806	313.225	284.401
VRTX 1040	1038.88	174.57	240.026
VRTX 1041	1025.39	187.149	239.914
VRTX 1042	1022.35	189.941	239.911
VRTX 1043	492.409	672.279	297.868
VRTX 1044	521.443	677.391	295.47
VRTX 1045	1021.44	190.797	239.909
VRTX 1046	1002.63	208.829	239.808
VRTX 1047	607.53	370.198	262.583
VRTX 1048	960.386	250.603	239.851
VRTX 1049	948.19	262.764	239.88
VRTX 1050	932.762	278.051	239.905
VRTX 1051	928.054	282.727	239.92
VRTX 1052	549.211	849.467	309.619
VRTX 1053	912.745	297.743	239.985
VRTX 1054	97.9799	-80.8344	356.577
VRTX 1055	859.713	350.212	240.133
VRTX 1056	852.165	357.595	240.1
VRTX 1057	844.473	366.023	239.993
VRTX 1058	841.43	368.905	239.987
VRTX 1059	836.042	373.095	240.198
VRTX 1060	835.054	374.011	240.23
VRTX 1061	829.893	380.083	240.127
VRTX 1062	819.987	388.833	240.109
VRTX 1063	816.516	395.128	239.904
VRTX 1064	813.727	397.824	239.884
VRTX 1065	804.398	402.303	240.546
VRTX 1066	800.576	404.005	240.911
VRTX 1067	806.496	417.986	240.799
VRTX 1068	487.662	425.926	274.628
VRTX 1069	-112.543	-79.1819	367.708
VRTX 1070	815.456	421.202	240.139
VRTX 1071	829.797	430.999	239.513
VRTX 1072	870.201	472.618	240.006
VRTX 1073	895.455	496.858	239.937
VRTX 1074	897.306	498.618	239.93
VRTX 1075	902.277	503.58	239.935
VRTX 1076	903.823	505.062	239.93
VRTX 1077	432.978	454.287	281.59
VRTX 1078	915.193	516.223	239.971
VRTX 1079	917.622	518.682	239.986
VRTX 1080	920.71	521.742	239.999
VRTX 1081	926.646	527.316	239.94
VRTX 1082	928.968	529.598	239.945
VRTX 1083	394.85	340.904	286.867
VRTX 1084	414.067	312.995	287.899
VRTX 1085	572.154	767.551	299.472
VRTX 1086	945.556	794.044	264.036
VRTX 1087	970.012	765.599	259.614
VRTX 1088	-44.0533	-29.233	362.722
VRTX 1089	1017.99	611.607	240.114
VRTX 1090	1029.81	619.207	240.087
VRTX 1091	1013.89	608.579	240.079
VRTX 1092	1062.11	638.448	240.12
VRTX 1093	508.104	398.779	272.151
VRTX 1094	1087.73	651.161	240.117
VRTX 1095	1133.11	669.729	240.068
VRTX 1096	432.159	289.6	288.599
VRTX 1097	5.47022	455.083	322.537
VRTX 1098	649.219	370.913	258.921
VRTX 1099	544.779	670.173	292.408
VRTX 1100	16.5598	-79.7853	361.936
VRTX 1101	514.365	615.94	290.049
VRTX 1102	159.944	-109.138	354.252
VRTX 1103	121.017	-109.138	357.201
VRTX 1104	441.414	794.503	315.173
VRTX 1105	547.997	342.87	271.645
VRTX 1106	651.031	282.491	267.515
VRTX 1107	83.7306	397.98	315.577
VRTX 1108	121.017	849.467	352.338
VRTX 1109	602.769	431.59	261.583
VRTX 1110	-112.543	789.554	368.835
VRTX 1111	-112.543	489.99	327.814
VRTX 1112	1016.33	849.467	260.992
VRTX 1113	63.244	422.694	317.474
VRTX 1114	245.448	341.849	302.335
VRTX 1115	264.81	370.556	297.902
VRTX 1116	282.263	341.714	298.891
VRTX 1117	989.634	588.883	240.021
VRTX 1118	1095.12	654.175	240.04
VRTX 1119	413.855	427.218	280.384
VRTX 1120	451.272	426.343	278.029
VRTX 1121	510.285	849.467	313.418
VRTX 1122	903.633	794.623	268.177
VRTX 1123	989.293	740.091	255.833
VRTX 1124	1095.36	749.791	250.33
VRTX 1125	1133.11	729.641	246.9
VRTX 1126	1133.11	759.598	249.721
VRTX 1127	1113.71	661.59	240.025
VRTX 1128	1117.67	662.893	239.988
VRTX 1129	1125.63	665.1	239.864
VRTX 1130	1133.11	667.327	239.765
VRTX 1131	994.318	593.706	240.112
VRTX 1132	975.207	574.875	239.996
VRTX 1133	963.817	563.777	240.018
VRTX 1134	961.045	561.106	240.026
VRTX 1135	4.23704	-109.138	364.384
TRGL 1	0	1	2
TRGL 2	3	4	5
TRGL 3	6	7	8
TRGL 4	9	10	11
TRGL 5	12	13	14
TRGL 6	15	16	17
TRGL 7	18	19	20
TRGL 8	21	22	23
TRGL 9	24	25	26
TRGL 10	27	28	29
TRGL 11	30	31	32
TRGL 12	33	34	35
TRGL 13	36	37	38
TRGL 14	39	40	41
TRGL 15	42	43	44
TRGL 16	10	45	11
TRGL 17	46	47	48
TRGL 18	49	50	51
TRGL 19	52	19	53
TRGL 20	54	55	56
TRGL 21	57	58	59
TRGL 22	60	61	62
TRGL 23	63	64	65
TRGL 24	66	67	68
TRGL 25	69	70	71
TRGL 26	72	73	74
TRGL 27	75	76	77
TRGL 28	78	79	80
TRGL 29	81	6	82
TRGL 30	83	84	85
TRGL 31	86	87	88
TRGL 32	89	90	91
TRGL 33	92	54	68
TRGL 34	93	94	95
TRGL 35	9	11	96
TRGL 36	86	97	98
TRGL 37	99	100	101
TRGL 38	102	103	104
TRGL 39	105	106	107
TRGL 40	108	30	109
TRGL 41	110	111	112
TRGL 42	42	113	114
TRGL 43	115	116	117
TRGL 44	89	118	90
TRGL 45	119	120	121
TRGL 46	122	110	123
TRGL 47	7	124	8
TRGL 48	125	126	127
TRGL 49	128	129	130
TRGL 50	131	132	133
TRGL 51	134	135	136
TRGL 52	9	137	10
TRGL 53	138	139	140
TRGL 54	141	25	3
TRGL 55	142	143	144
TRGL 56	145	146	147
TRGL 57	148	149	150
TRGL 58	151	152	128
TRGL 59	103	102	153
TRGL 60	154	155	156
TRGL 61	81	82	157
TRGL 62	158	159	160
TRGL 63	161	162	163
TRGL 64	94	164	165
TRGL 65	166	167	168
TRGL 66	169	170	171
TRGL 67	172	173	174
TRGL 68	175	176	49
TRGL 69	73	151	177
TRGL 70	178	24	179
TRGL 71	180	181	79
TRGL 72	10	137	182
TRGL 73	183	184	185
TRGL 74	186	187	188
TRGL 75	189	190	191
TRGL 76	192	193	194
TRGL 77	195	196	197
TRGL 78	198	199	2
TRGL 79	93	200	191
TRGL 80	201	202	203
TRGL 81	204	205	206
TRGL 82	207	208	209
TRGL 83	210	211	212
TRGL 84	213	214	215
TRGL 85	216	204	217
TRGL 86	218	219	133
TRGL 87	102	104	220
TRGL 88	221	222	223
TRGL 89	9	224	137
TRGL 90	225	226	227
TRGL 91	228	113	229
TRGL 92	230	231	232
TRGL 93	233	234	235
TRGL 94	119	2	1
TRGL 95	216	217	236
TRGL 96	237	207	209
TRGL 97	238	239	240
TRGL 98	241	165	242
TRGL 99	125	243	126
TRGL 100	244	245	246
TRGL 101	247	248	249
TRGL 102	185	109	250
TRGL 103	251	182	174
TRGL 104	72	129	152
TRGL 105	252	202	253
TRGL 106	145	147	254
TRGL 107	160	255	256
TRGL 108	224	257	137
TRGL 109	136	258	134
TRGL 110	259	93	95
TRGL 111	260	197	261
TRGL 112	262	263	264
TRGL 113	82	6	8
TRGL 114	192	265	266
TRGL 115	225	267	268
TRGL 116	94	165	95
TRGL 117	9	269	224
TRGL 118	128	152	129
TRGL 119	219	37	270
TRGL 120	271	272	206
TRGL 121	245	273	274
TRGL 122	275	276	277
TRGL 123	228	278	113
TRGL 124	279	224	269
TRGL 125	280	281	282
TRGL 126	119	121	283
TRGL 127	72	74	216
TRGL 128	229	113	284
TRGL 129	285	286	105
TRGL 130	287	288	181
TRGL 131	20	289	18
TRGL 132	290	291	180
TRGL 133	262	215	292
TRGL 134	26	141	293
TRGL 135	294	295	144
TRGL 136	9	96	269
TRGL 137	97	296	297
TRGL 138	251	158	182
TRGL 139	66	56	227
TRGL 140	96	298	269
TRGL 141	299	104	103
TRGL 142	300	301	302
TRGL 143	135	267	136
TRGL 144	299	103	303
TRGL 145	304	305	306
TRGL 146	307	308	264
TRGL 147	309	310	311
TRGL 148	312	313	106
TRGL 149	314	315	316
TRGL 150	5	317	141
TRGL 151	318	196	319
TRGL 152	320	321	322
TRGL 153	275	277	323
TRGL 154	242	324	325
TRGL 155	326	82	8
TRGL 156	327	328	329
TRGL 157	189	330	190
TRGL 158	331	332	333
TRGL 159	334	335	336
TRGL 160	72	337	129
TRGL 161	124	200	93
TRGL 162	338	269	298
TRGL 163	339	241	340
TRGL 164	121	341	283
TRGL 165	342	94	191
TRGL 166	343	344	345
TRGL 167	346	224	279
TRGL 168	347	344	65
TRGL 169	348	349	350
TRGL 170	63	351	352
TRGL 171	353	354	355
TRGL 172	356	238	357
TRGL 173	96	358	298
TRGL 174	246	177	359
TRGL 175	360	64	361
TRGL 176	362	363	364
TRGL 177	365	80	366
TRGL 178	86	88	367
TRGL 179	368	358	96
TRGL 180	369	370	371
TRGL 181	372	219	218
TRGL 182	373	374	265
TRGL 183	337	98	97
TRGL 184	375	376	377
TRGL 185	378	379	271
TRGL 186	94	342	164
TRGL 187	380	85	381
TRGL 188	54	92	55
TRGL 189	242	382	324
TRGL 190	11	368	96
TRGL 191	383	384	17
TRGL 192	119	385	120
TRGL 193	110	112	386
TRGL 194	46	387	47
TRGL 195	136	388	258
TRGL 196	389	390	391
TRGL 197	392	393	180
TRGL 198	353	394	395
TRGL 199	396	310	397
TRGL 200	398	286	399
TRGL 201	400	401	81
TRGL 202	368	402	358
TRGL 203	403	404	405
TRGL 204	406	395	407
TRGL 205	388	123	258
TRGL 206	408	409	410
TRGL 207	260	411	197
TRGL 208	412	413	367
TRGL 209	414	415	416
TRGL 210	417	418	419
TRGL 211	420	421	422
TRGL 212	423	402	368
TRGL 213	123	110	386
TRGL 214	124	93	259
TRGL 215	115	117	424
TRGL 216	304	425	305
TRGL 217	426	385	427
TRGL 218	312	286	398
TRGL 219	178	179	428
TRGL 220	313	294	106
TRGL 221	429	430	431
TRGL 222	432	423	368
TRGL 223	123	386	365
TRGL 224	373	433	434
TRGL 225	318	197	196
TRGL 226	435	436	437
TRGL 227	107	106	143
TRGL 228	438	439	440
TRGL 229	423	441	402
TRGL 230	312	442	313
TRGL 231	271	443	272
TRGL 232	444	445	424
TRGL 233	446	447	448
TRGL 234	441	423	449
TRGL 235	258	123	365
TRGL 236	127	450	3
TRGL 237	451	417	419
TRGL 238	449	423	116
TRGL 239	363	334	364
TRGL 240	452	15	453
TRGL 241	454	455	456
TRGL 242	426	457	385
TRGL 243	105	107	458
TRGL 244	66	226	459
TRGL 245	460	461	462
TRGL 246	167	463	168
TRGL 247	427	119	1
TRGL 248	111	313	442
TRGL 249	407	464	406
TRGL 250	441	449	465
TRGL 251	466	220	104
TRGL 252	400	81	467
TRGL 253	468	418	279
TRGL 254	288	469	366
TRGL 255	470	471	472
TRGL 256	111	294	313
TRGL 257	3	450	4
TRGL 258	473	474	475
TRGL 259	429	470	99
TRGL 260	119	283	2
TRGL 261	183	185	250
TRGL 262	476	477	311
TRGL 263	478	479	112
TRGL 264	367	413	480
TRGL 265	481	465	449
TRGL 266	111	442	112
TRGL 267	482	483	484
TRGL 268	312	398	442
TRGL 269	485	467	486
TRGL 270	360	159	251
TRGL 271	487	446	488
TRGL 272	115	481	449
TRGL 273	353	355	88
TRGL 274	489	490	491
TRGL 275	362	301	399
TRGL 276	467	157	486
TRGL 277	481	492	465
TRGL 278	454	493	455
TRGL 279	494	495	496
TRGL 280	388	497	123
TRGL 281	498	499	500
TRGL 282	501	502	503
TRGL 283	115	504	481
TRGL 284	505	506	507
TRGL 285	508	509	510
TRGL 286	511	512	487
TRGL 287	513	492	481
TRGL 288	514	515	516
TRGL 289	504	513	481
TRGL 290	517	507	403
TRGL 291	518	413	519
TRGL 292	520	521	522
TRGL 293	138	140	146
TRGL 294	523	341	121
TRGL 295	524	280	525
TRGL 296	115	424	504
TRGL 297	258	365	366
TRGL 298	158	251	159
TRGL 299	486	454	526
TRGL 300	527	528	529
TRGL 301	105	458	285
TRGL 302	513	530	492
TRGL 303	151	196	195
TRGL 304	531	141	317
TRGL 305	122	123	497
TRGL 306	367	480	86
TRGL 307	172	174	182
TRGL 308	122	111	110
TRGL 309	532	533	379
TRGL 310	534	293	531
TRGL 311	78	85	79
TRGL 312	530	513	535
TRGL 313	536	537	538
TRGL 314	539	540	541
TRGL 315	288	366	80
TRGL 316	542	535	513
TRGL 317	543	439	544
TRGL 318	360	361	159
TRGL 319	545	546	35
TRGL 320	547	548	549
TRGL 321	347	65	550
TRGL 322	551	552	415
TRGL 323	428	553	554
TRGL 324	555	556	557
TRGL 325	558	559	560
TRGL 326	404	507	506
TRGL 327	530	535	561
TRGL 328	316	32	31
TRGL 329	347	345	344
TRGL 330	312	105	286
TRGL 331	562	422	421
TRGL 332	120	385	457
TRGL 333	427	385	119
TRGL 334	386	479	563
TRGL 335	564	565	566
TRGL 336	169	318	319
TRGL 337	567	376	375
TRGL 338	568	488	446
TRGL 339	569	570	571
TRGL 340	259	95	572
TRGL 341	457	426	573
TRGL 342	122	295	111
TRGL 343	467	81	157
TRGL 344	561	535	574
TRGL 345	575	404	506
TRGL 346	139	576	140
TRGL 347	577	578	579
TRGL 348	567	375	350
TRGL 349	580	516	405
TRGL 350	535	433	574
TRGL 351	581	150	582
TRGL 352	583	405	404
TRGL 353	561	574	584
TRGL 354	536	538	585
TRGL 355	432	11	45
TRGL 356	46	153	586
TRGL 357	587	584	574
TRGL 358	578	588	532
TRGL 359	143	234	589
TRGL 360	590	362	503
TRGL 361	591	592	571
TRGL 362	593	594	512
TRGL 363	595	596	597
TRGL 364	598	292	215
TRGL 365	599	590	600
TRGL 366	47	443	533
TRGL 367	373	587	574
TRGL 368	601	47	533
TRGL 369	587	602	584
TRGL 370	194	602	587
TRGL 371	603	38	37
TRGL 372	446	604	447
TRGL 373	411	605	195
TRGL 374	326	606	493
TRGL 375	607	194	587
TRGL 376	29	608	609
TRGL 377	610	611	69
TRGL 378	612	613	594
TRGL 379	614	615	317
TRGL 380	17	439	438
TRGL 381	616	617	618
TRGL 382	2	619	198
TRGL 383	447	404	575
TRGL 384	194	620	602
TRGL 385	363	285	334
TRGL 386	621	41	622
TRGL 387	577	579	33
TRGL 388	202	623	203
TRGL 389	593	612	594
TRGL 390	65	624	63
TRGL 391	336	501	503
TRGL 392	105	312	106
TRGL 393	625	626	627
TRGL 394	620	194	193
TRGL 395	221	284	222
TRGL 396	613	583	594
TRGL 397	620	193	610
TRGL 398	628	517	629
TRGL 399	116	630	117
TRGL 400	447	604	583
TRGL 401	610	193	611
TRGL 402	262	292	263
TRGL 403	542	513	504
TRGL 404	335	575	506
TRGL 405	611	193	631
TRGL 406	632	202	201
TRGL 407	633	634	635
TRGL 408	69	611	70
TRGL 409	16	548	383
TRGL 410	567	70	611
TRGL 411	604	446	487
TRGL 412	171	21	636
TRGL 413	637	463	167
TRGL 414	638	411	260
TRGL 415	639	617	616
TRGL 416	349	71	70
TRGL 417	336	503	364
TRGL 418	237	361	640
TRGL 419	335	641	575
TRGL 420	241	572	95
TRGL 421	363	399	286
TRGL 422	642	643	644
TRGL 423	336	616	618
TRGL 424	350	349	70
TRGL 425	448	575	641
TRGL 426	163	497	161
TRGL 427	153	645	586
TRGL 428	646	647	648
TRGL 429	588	577	649
TRGL 430	349	650	71
TRGL 431	651	652	653
TRGL 432	377	554	553
TRGL 433	545	35	14
TRGL 434	654	491	655
TRGL 435	33	579	34
TRGL 436	650	349	596
TRGL 437	34	14	35
TRGL 438	348	596	349
TRGL 439	656	536	61
TRGL 440	657	499	498
TRGL 441	166	416	415
TRGL 442	551	415	414
TRGL 443	658	593	511
TRGL 444	567	631	376
TRGL 445	327	337	72
TRGL 446	659	297	296
TRGL 447	16	660	548
TRGL 448	661	662	663
TRGL 449	586	645	664
TRGL 450	650	596	595
TRGL 451	658	665	666
TRGL 452	126	667	582
TRGL 453	1	0	270
TRGL 454	596	408	597
TRGL 455	548	547	668
TRGL 456	173	172	669
TRGL 457	244	670	668
TRGL 458	595	597	671
TRGL 459	301	672	673
TRGL 460	97	480	296
TRGL 461	65	344	624
TRGL 462	198	674	199
TRGL 463	134	675	135
TRGL 464	8	259	326
TRGL 465	654	676	677
TRGL 466	589	488	568
TRGL 467	671	597	678
TRGL 468	204	216	205
TRGL 469	432	116	423
TRGL 470	343	345	679
TRGL 471	353	395	354
TRGL 472	588	649	601
TRGL 473	617	187	680
TRGL 474	681	478	682
TRGL 475	639	188	617
TRGL 476	683	678	597
TRGL 477	546	33	35
TRGL 478	671	678	684
TRGL 479	235	13	233
TRGL 480	192	194	607
TRGL 481	134	258	366
TRGL 482	12	665	658
TRGL 483	684	678	38
TRGL 484	373	265	607
TRGL 485	532	588	533
TRGL 486	685	686	420
TRGL 487	687	38	678
TRGL 488	670	439	384
TRGL 489	688	689	690
TRGL 490	223	691	692
TRGL 491	375	553	179
TRGL 492	107	143	589
TRGL 493	684	38	603
TRGL 494	107	589	568
TRGL 495	693	208	207
TRGL 496	328	327	236
TRGL 497	603	37	372
TRGL 498	694	153	46
TRGL 499	372	37	219
TRGL 500	17	384	439
TRGL 501	679	345	695
TRGL 502	696	697	202
TRGL 503	432	368	11
TRGL 504	658	511	12
TRGL 505	0	2	199
TRGL 506	511	593	512
TRGL 507	698	90	699
TRGL 508	331	333	601
TRGL 509	243	554	700
TRGL 510	87	98	329
TRGL 511	219	199	133
TRGL 512	328	236	217
TRGL 513	701	702	703
TRGL 514	134	366	469
TRGL 515	218	133	132
TRGL 516	542	704	433
TRGL 517	337	327	98
TRGL 518	335	334	641
TRGL 519	655	705	676
TRGL 520	674	131	133
TRGL 521	511	487	233
TRGL 522	131	706	132
TRGL 523	205	216	74
TRGL 524	674	133	199
TRGL 525	2	283	619
TRGL 526	707	708	709
TRGL 527	660	710	711
TRGL 528	163	122	497
TRGL 529	712	619	283
TRGL 530	319	130	713
TRGL 531	714	121	120
TRGL 532	138	715	716
TRGL 533	299	717	104
TRGL 534	580	482	484
TRGL 535	718	719	53
TRGL 536	613	405	583
TRGL 537	192	607	265
TRGL 538	720	171	721
TRGL 539	270	426	427
TRGL 540	722	318	169
TRGL 541	723	724	725
TRGL 542	721	171	170
TRGL 543	726	727	728
TRGL 544	438	440	729
TRGL 545	730	249	248
TRGL 546	517	403	515
TRGL 547	36	573	426
TRGL 548	394	353	731
TRGL 549	323	277	210
TRGL 550	151	195	177
TRGL 551	693	732	540
TRGL 552	280	733	281
TRGL 553	457	573	531
TRGL 554	244	359	670
TRGL 555	734	735	537
TRGL 556	241	95	165
TRGL 557	425	376	266
TRGL 558	534	531	573
TRGL 559	642	736	737
TRGL 560	614	317	738
TRGL 561	531	615	457
TRGL 562	739	740	741
TRGL 563	742	743	744
TRGL 564	745	746	174
TRGL 565	747	265	374
TRGL 566	120	457	615
TRGL 567	539	541	748
TRGL 568	531	317	615
TRGL 569	531	293	141
TRGL 570	256	255	209
TRGL 571	661	44	662
TRGL 572	428	179	553
TRGL 573	293	534	410
TRGL 574	683	410	534
TRGL 575	749	750	751
TRGL 576	293	410	26
TRGL 577	742	752	753
TRGL 578	158	160	45
TRGL 579	583	512	594
TRGL 580	754	755	756
TRGL 581	757	758	437
TRGL 582	409	26	410
TRGL 583	759	760	322
TRGL 584	115	449	116
TRGL 585	409	24	26
TRGL 586	256	761	117
TRGL 587	24	409	762
TRGL 588	192	631	193
TRGL 589	458	448	641
TRGL 590	763	764	765
TRGL 591	348	762	409
TRGL 592	766	58	767
TRGL 593	63	624	351
TRGL 594	768	769	770
TRGL 595	553	375	377
TRGL 596	694	46	771
TRGL 597	24	762	179
TRGL 598	360	746	550
TRGL 599	772	679	695
TRGL 600	375	179	762
TRGL 601	125	428	243
TRGL 602	6	401	773
TRGL 603	774	490	489
TRGL 604	24	178	25
TRGL 605	25	178	125
TRGL 606	237	775	207
TRGL 607	125	178	428
TRGL 608	655	491	776
TRGL 609	207	775	777
TRGL 610	778	590	599
TRGL 611	433	704	434
TRGL 612	25	125	3
TRGL 613	637	118	779
TRGL 614	29	28	780
TRGL 615	127	3	125
TRGL 616	141	3	5
TRGL 617	36	270	37
TRGL 618	26	25	141
TRGL 619	157	493	454
TRGL 620	738	5	4
TRGL 621	781	782	783
TRGL 622	450	784	4
TRGL 623	785	185	184
TRGL 624	127	149	450
TRGL 625	360	550	64
TRGL 626	450	149	784
TRGL 627	629	517	515
TRGL 628	295	122	163
TRGL 629	127	150	149
TRGL 630	166	786	416
TRGL 631	126	150	127
TRGL 632	787	788	789
TRGL 633	478	112	442
TRGL 634	373	434	374
TRGL 635	772	263	790
TRGL 636	126	582	150
TRGL 637	791	792	786
TRGL 638	290	180	84
TRGL 639	793	582	667
TRGL 640	456	526	454
TRGL 641	604	487	512
TRGL 642	126	557	667
TRGL 643	667	557	556
TRGL 644	63	352	640
TRGL 645	75	77	794
TRGL 646	243	557	126
TRGL 647	341	795	712
TRGL 648	243	700	557
TRGL 649	555	557	700
TRGL 650	373	607	587
TRGL 651	335	616	336
TRGL 652	796	797	381
TRGL 653	555	700	554
TRGL 654	798	147	799
TRGL 655	642	800	643
TRGL 656	243	428	554
TRGL 657	425	377	376
TRGL 658	631	266	376
TRGL 659	628	629	801
TRGL 660	567	611	631
TRGL 661	192	266	631
TRGL 662	265	305	266
TRGL 663	802	240	40
TRGL 664	357	238	802
TRGL 665	352	351	803
TRGL 666	374	434	804
TRGL 667	373	574	433
TRGL 668	256	117	630
TRGL 669	804	434	704
TRGL 670	542	433	535
TRGL 671	288	287	469
TRGL 672	542	445	704
TRGL 673	476	704	445
TRGL 674	542	504	445
TRGL 675	703	805	806
TRGL 676	158	10	182
TRGL 677	500	807	559
TRGL 678	745	794	808
TRGL 679	504	424	445
TRGL 680	809	810	811
TRGL 681	424	117	761
TRGL 682	432	630	116
TRGL 683	158	45	10
TRGL 684	812	217	204
TRGL 685	432	45	630
TRGL 686	89	813	118
TRGL 687	287	814	815
TRGL 688	45	160	630
TRGL 689	301	816	817
TRGL 690	256	630	160
TRGL 691	818	819	699
TRGL 692	160	159	255
TRGL 693	64	550	65
TRGL 694	746	251	174
TRGL 695	820	821	822
TRGL 696	360	251	746
TRGL 697	823	824	825
TRGL 698	746	826	550
TRGL 699	225	388	136
TRGL 700	64	640	361
TRGL 701	827	660	711
TRGL 702	361	255	159
TRGL 703	828	829	510
TRGL 704	237	255	361
TRGL 705	156	14	13
TRGL 706	237	209	255
TRGL 707	743	753	830
TRGL 708	237	640	775
TRGL 709	640	352	775
TRGL 710	161	497	388
TRGL 711	831	775	352
TRGL 712	63	640	64
TRGL 713	832	521	833
TRGL 714	834	835	208
TRGL 715	836	351	624
TRGL 716	344	837	624
TRGL 717	277	459	226
TRGL 718	347	695	345
TRGL 719	347	838	695
TRGL 720	839	695	838
TRGL 721	378	273	547
TRGL 722	840	50	841
TRGL 723	347	808	838
TRGL 724	28	842	843
TRGL 725	838	808	77
TRGL 726	600	590	502
TRGL 727	347	826	808
TRGL 728	745	808	826
TRGL 729	347	550	826
TRGL 730	501	618	844
TRGL 731	745	826	746
TRGL 732	808	794	77
TRGL 733	745	173	794
TRGL 734	794	173	845
TRGL 735	846	85	847
TRGL 736	745	174	173
TRGL 737	824	848	825
TRGL 738	782	849	215
TRGL 739	172	257	669
TRGL 740	173	669	845
TRGL 741	845	669	749
TRGL 742	749	669	850
TRGL 743	355	412	367
TRGL 744	845	749	688
TRGL 745	688	749	689
TRGL 746	306	305	747
TRGL 747	75	845	688
TRGL 748	75	688	635
TRGL 749	75	794	845
TRGL 750	851	790	852
TRGL 751	307	77	76
TRGL 752	75	635	76
TRGL 753	635	634	76
TRGL 754	308	76	634
TRGL 755	633	635	690
TRGL 756	633	853	634
TRGL 757	225	268	226
TRGL 758	853	854	634
TRGL 759	633	855	853
TRGL 760	489	853	855
TRGL 761	633	472	855
TRGL 762	856	478	681
TRGL 763	855	472	471
TRGL 764	857	858	859
TRGL 765	633	690	472
TRGL 766	30	860	31
TRGL 767	541	540	732
TRGL 768	100	472	690
TRGL 769	100	690	689
TRGL 770	470	472	100
TRGL 771	99	470	100
TRGL 772	431	471	470
TRGL 773	429	431	470
TRGL 774	703	806	861
TRGL 775	774	471	431
TRGL 776	246	245	74
TRGL 777	774	431	862
TRGL 778	774	855	471
TRGL 779	774	489	855
TRGL 780	774	862	490
TRGL 781	490	862	863
TRGL 782	864	863	862
TRGL 783	490	863	865
TRGL 784	520	522	866
TRGL 785	865	491	490
TRGL 786	867	92	868
TRGL 787	865	776	491
TRGL 788	655	776	869
TRGL 789	654	655	676
TRGL 790	870	871	872
TRGL 791	654	489	491
TRGL 792	654	853	489
TRGL 793	654	677	853
TRGL 794	873	874	875
TRGL 795	853	677	854
TRGL 796	282	328	876
TRGL 797	676	783	677
TRGL 798	854	677	783
TRGL 799	781	783	676
TRGL 800	877	878	715
TRGL 801	645	812	664
TRGL 802	781	676	705
TRGL 803	782	879	783
TRGL 804	880	716	878
TRGL 805	781	849	782
TRGL 806	781	248	849
TRGL 807	238	240	802
TRGL 808	809	881	882
TRGL 809	849	248	247
TRGL 810	689	751	101
TRGL 811	883	83	85
TRGL 812	781	705	248
TRGL 813	730	248	705
TRGL 814	869	730	705
TRGL 815	247	249	884
TRGL 816	885	247	884
TRGL 817	886	659	887
TRGL 818	885	884	888
TRGL 819	568	446	448
TRGL 820	213	247	885
TRGL 821	213	885	889
TRGL 822	29	609	332
TRGL 823	213	849	247
TRGL 824	890	709	708
TRGL 825	213	215	849
TRGL 826	356	357	728
TRGL 827	598	215	214
TRGL 828	882	253	202
TRGL 829	213	889	214
TRGL 830	537	735	538
TRGL 831	889	891	214
TRGL 832	598	214	891
TRGL 833	591	891	889
TRGL 834	44	43	662
TRGL 835	591	889	592
TRGL 836	591	892	891
TRGL 837	892	893	891
TRGL 838	591	894	892
TRGL 839	894	895	892
TRGL 840	591	571	894
TRGL 841	894	571	570
TRGL 842	571	592	896
TRGL 843	592	888	896
TRGL 844	571	896	569
TRGL 845	569	897	570
TRGL 846	898	899	148
TRGL 847	897	900	570
TRGL 848	870	570	900
TRGL 849	897	901	900
TRGL 850	902	900	901
TRGL 851	902	901	464
TRGL 852	900	902	871
TRGL 853	903	871	902
TRGL 854	49	436	50
TRGL 855	870	900	871
TRGL 856	904	498	500
TRGL 857	871	905	872
TRGL 858	870	872	895
TRGL 859	858	895	872
TRGL 860	870	895	894
TRGL 861	874	27	332
TRGL 862	870	894	570
TRGL 863	858	872	905
TRGL 864	858	857	895
TRGL 865	857	892	895
TRGL 866	858	906	859
TRGL 867	857	859	770
TRGL 868	768	770	859
TRGL 869	322	907	908
TRGL 870	909	857	770
TRGL 871	910	796	381
TRGL 872	911	289	67
TRGL 873	909	770	912
TRGL 874	857	909	892
TRGL 875	544	359	605
TRGL 876	909	893	892
TRGL 877	195	197	411
TRGL 878	909	913	893
TRGL 879	710	914	666
TRGL 880	913	852	893
TRGL 881	915	916	917
TRGL 882	909	912	913
TRGL 883	851	918	919
TRGL 884	918	913	912
TRGL 885	60	918	912
TRGL 886	851	913	918
TRGL 887	851	852	913
TRGL 888	728	727	920
TRGL 889	292	852	790
TRGL 890	921	922	923
TRGL 891	851	924	790
TRGL 892	772	790	924
TRGL 893	925	556	825
TRGL 894	919	924	851
TRGL 895	919	926	924
TRGL 896	927	168	59
TRGL 897	297	337	97
TRGL 898	679	924	926
TRGL 899	820	928	821
TRGL 900	929	926	919
TRGL 901	929	919	62
TRGL 902	929	930	926
TRGL 903	343	926	930
TRGL 904	930	929	496
TRGL 905	828	509	931
TRGL 906	929	585	496
TRGL 907	813	779	118
TRGL 908	930	496	495
TRGL 909	93	191	94
TRGL 910	837	930	495
TRGL 911	836	837	495
TRGL 912	268	277	226
TRGL 913	343	930	837
TRGL 914	323	210	932
TRGL 915	343	837	344
TRGL 916	691	22	933
TRGL 917	836	495	934
TRGL 918	836	624	837
TRGL 919	935	936	937
TRGL 920	494	934	495
TRGL 921	836	934	938
TRGL 922	939	940	651
TRGL 923	934	941	938
TRGL 924	157	82	493
TRGL 925	836	938	351
TRGL 926	938	803	351
TRGL 927	172	137	257
TRGL 928	942	803	938
TRGL 929	467	943	400
TRGL 930	942	938	941
TRGL 931	942	944	803
TRGL 932	944	831	803
TRGL 933	942	829	944
TRGL 934	945	944	829
TRGL 935	942	946	829
TRGL 936	829	946	510
TRGL 937	947	461	948
TRGL 938	942	941	946
TRGL 939	765	949	623
TRGL 940	950	946	941
TRGL 941	950	941	389
TRGL 942	951	566	779
TRGL 943	952	946	950
TRGL 944	950	391	952
TRGL 945	952	510	946
TRGL 946	508	510	952
TRGL 947	508	952	953
TRGL 948	288	79	181
TRGL 949	186	188	954
TRGL 950	828	510	509
TRGL 951	721	170	455
TRGL 952	935	955	956
TRGL 953	957	509	508
TRGL 954	148	150	958
TRGL 955	508	959	957
TRGL 956	526	518	485
TRGL 957	960	961	590
TRGL 958	957	752	509
TRGL 959	680	962	844
TRGL 960	931	509	752
TRGL 961	911	752	957
TRGL 962	289	911	957
TRGL 963	963	544	605
TRGL 964	911	753	752
TRGL 965	753	911	67
TRGL 966	753	67	830
TRGL 967	352	803	831
TRGL 968	948	461	820
TRGL 969	459	830	67
TRGL 970	86	480	97
TRGL 971	276	743	830
TRGL 972	742	753	743
TRGL 973	276	744	743
TRGL 974	657	726	964
TRGL 975	742	744	965
TRGL 976	666	966	711
TRGL 977	744	967	965
TRGL 978	968	527	969
TRGL 979	742	965	931
TRGL 980	931	965	970
TRGL 981	476	445	444
TRGL 982	742	931	752
TRGL 983	971	970	965
TRGL 984	864	862	430
TRGL 985	804	704	476
TRGL 986	828	931	970
TRGL 987	72	152	73
TRGL 988	828	970	945
TRGL 989	383	17	16
TRGL 990	972	945	970
TRGL 991	210	268	211
TRGL 992	828	945	829
TRGL 993	973	239	238
TRGL 994	972	970	971
TRGL 995	945	972	974
TRGL 996	972	732	974
TRGL 997	945	974	944
TRGL 998	944	974	831
TRGL 999	974	775	831
TRGL 1000	621	622	975
TRGL 1001	974	777	775
TRGL 1002	732	777	974
TRGL 1003	731	88	87
TRGL 1004	693	777	732
TRGL 1005	378	532	379
TRGL 1006	693	207	777
TRGL 1007	693	834	208
TRGL 1008	719	976	873
TRGL 1009	23	636	21
TRGL 1010	693	540	834
TRGL 1011	791	977	978
TRGL 1012	539	834	540
TRGL 1013	539	477	834
TRGL 1014	979	744	275
TRGL 1015	444	834	477
TRGL 1016	539	311	477
TRGL 1017	539	309	311
TRGL 1018	725	724	321
TRGL 1019	539	748	309
TRGL 1020	980	733	981
TRGL 1021	309	748	982
TRGL 1022	304	555	983
TRGL 1023	680	844	618
TRGL 1024	541	971	748
TRGL 1025	967	748	971
TRGL 1026	972	971	541
TRGL 1027	747	374	804
TRGL 1028	972	541	732
TRGL 1029	984	525	876
TRGL 1030	985	301	986
TRGL 1031	971	965	967
TRGL 1032	967	982	748
TRGL 1033	967	979	982
TRGL 1034	200	124	987
TRGL 1035	988	982	979
TRGL 1036	797	380	381
TRGL 1037	744	979	967
TRGL 1038	815	814	958
TRGL 1039	276	275	744
TRGL 1040	979	275	989
TRGL 1041	989	275	323
TRGL 1042	951	990	564
TRGL 1043	989	988	979
TRGL 1044	989	824	988
TRGL 1045	988	824	396
TRGL 1046	989	848	824
TRGL 1047	989	323	848
TRGL 1048	875	991	719
TRGL 1049	435	437	992
TRGL 1050	925	848	323
TRGL 1051	355	367	88
TRGL 1052	925	323	932
TRGL 1053	314	993	315
TRGL 1054	925	825	848
TRGL 1055	823	825	556
TRGL 1056	925	994	556
TRGL 1057	667	556	994
TRGL 1058	925	932	994
TRGL 1059	212	994	932
TRGL 1060	210	212	932
TRGL 1061	738	995	996
TRGL 1062	994	212	793
TRGL 1063	233	488	234
TRGL 1064	997	793	212
TRGL 1065	834	444	835
TRGL 1066	994	793	667
TRGL 1067	494	496	538
TRGL 1068	997	212	211
TRGL 1069	793	997	815
TRGL 1070	997	675	815
TRGL 1071	998	381	563
TRGL 1072	460	999	461
TRGL 1073	793	815	581
TRGL 1074	815	958	581
TRGL 1075	920	529	1000
TRGL 1076	558	371	322
TRGL 1077	793	581	582
TRGL 1078	656	61	1001
TRGL 1079	581	958	150
TRGL 1080	680	187	962
TRGL 1081	268	210	277
TRGL 1082	814	148	958
TRGL 1083	287	815	675
TRGL 1084	334	336	364
TRGL 1085	1002	814	287
TRGL 1086	287	181	1002
TRGL 1087	1003	183	648
TRGL 1088	1002	898	814
TRGL 1089	138	146	1004
TRGL 1090	814	898	148
TRGL 1091	436	176	1005
TRGL 1092	1002	840	898
TRGL 1093	898	840	899
TRGL 1094	1002	702	840
TRGL 1095	264	308	879
TRGL 1096	820	822	1006
TRGL 1097	50	840	702
TRGL 1098	1007	785	1008
TRGL 1099	702	1002	181
TRGL 1100	702	181	703
TRGL 1101	180	703	181
TRGL 1102	78	563	381
TRGL 1103	703	861	701
TRGL 1104	601	533	588
TRGL 1105	701	51	702
TRGL 1106	50	702	51
TRGL 1107	87	329	282
TRGL 1108	1009	51	701
TRGL 1109	1010	1009	701
TRGL 1110	1011	51	1009
TRGL 1111	558	1012	559
TRGL 1112	1011	1013	51
TRGL 1113	527	529	1014
TRGL 1114	1013	49	51
TRGL 1115	397	309	982
TRGL 1116	1015	49	1013
TRGL 1117	518	526	887
TRGL 1118	1016	49	1015
TRGL 1119	458	568	448
TRGL 1120	646	755	1017
TRGL 1121	1016	175	49
TRGL 1122	307	839	838
TRGL 1123	436	49	176
TRGL 1124	42	284	113
TRGL 1125	50	436	435
TRGL 1126	50	435	841
TRGL 1127	346	417	850
TRGL 1128	758	992	437
TRGL 1129	841	435	1018
TRGL 1130	840	841	899
TRGL 1131	939	626	99
TRGL 1132	84	180	85
TRGL 1133	1019	899	841
TRGL 1134	841	1018	1019
TRGL 1135	1020	21	720
TRGL 1136	1019	784	899
TRGL 1137	148	899	784
TRGL 1138	327	72	236
TRGL 1139	664	204	206
TRGL 1140	995	784	1019
TRGL 1141	189	191	200
TRGL 1142	995	1019	1018
TRGL 1143	436	1021	1022
TRGL 1144	995	4	784
TRGL 1145	494	735	390
TRGL 1146	301	817	935
TRGL 1147	738	4	995
TRGL 1148	995	1018	996
TRGL 1149	738	996	614
TRGL 1150	614	996	740
TRGL 1151	5	738	317
TRGL 1152	996	741	740
TRGL 1153	606	572	339
TRGL 1154	614	740	714
TRGL 1155	523	714	740
TRGL 1156	714	615	614
TRGL 1157	714	120	615
TRGL 1158	523	740	739
TRGL 1159	968	962	187
TRGL 1160	523	121	714
TRGL 1161	523	461	341
TRGL 1162	1023	590	778
TRGL 1163	341	461	795
TRGL 1164	523	739	461
TRGL 1165	820	461	739
TRGL 1166	642	820	739
TRGL 1167	934	494	389
TRGL 1168	820	1006	948
TRGL 1169	529	657	1014
TRGL 1170	638	43	1024
TRGL 1171	462	461	947
TRGL 1172	444	477	476
TRGL 1173	999	795	461
TRGL 1174	1025	1026	627
TRGL 1175	854	879	308
TRGL 1176	820	1027	928
TRGL 1177	791	993	792
TRGL 1178	501	844	881
TRGL 1179	642	1027	820
TRGL 1180	1028	593	658
TRGL 1181	765	1029	724
TRGL 1182	642	737	1027
TRGL 1183	92	867	162
TRGL 1184	642	1030	736
TRGL 1185	598	893	852
TRGL 1186	103	153	694
TRGL 1187	642	1031	1030
TRGL 1188	642	644	1031
TRGL 1189	455	493	606
TRGL 1190	800	642	1032
TRGL 1191	1033	973	91
TRGL 1192	1032	642	1034
TRGL 1193	285	363	286
TRGL 1194	642	992	1034
TRGL 1195	155	545	156
TRGL 1196	904	1035	1036
TRGL 1197	1034	992	1037
TRGL 1198	335	505	616
TRGL 1199	642	741	992
TRGL 1200	448	447	575
TRGL 1201	1018	992	741
TRGL 1202	1038	18	959
TRGL 1203	642	739	741
TRGL 1204	996	1018	741
TRGL 1205	1018	435	992
TRGL 1206	1039	992	758
TRGL 1207	1037	992	1039
TRGL 1208	547	244	668
TRGL 1209	1040	757	437
TRGL 1210	272	443	387
TRGL 1211	1040	437	1041
TRGL 1212	483	1042	1043
TRGL 1213	1041	437	1044
TRGL 1214	276	830	459
TRGL 1215	436	1044	437
TRGL 1216	365	563	78
TRGL 1217	436	1022	1044
TRGL 1218	698	91	90
TRGL 1219	1020	720	340
TRGL 1220	436	1045	1021
TRGL 1221	915	917	1046
TRGL 1222	436	1005	1045
TRGL 1223	712	283	341
TRGL 1224	148	784	149
TRGL 1225	301	935	399
TRGL 1226	1010	701	1047
TRGL 1227	637	552	818
TRGL 1228	1047	701	1048
TRGL 1229	1048	701	861
TRGL 1230	703	1049	805
TRGL 1231	543	440	439
TRGL 1232	703	180	1049
TRGL 1233	1050	1049	180
TRGL 1234	772	695	839
TRGL 1235	658	666	1028
TRGL 1236	393	1050	180
TRGL 1237	414	416	1051
TRGL 1238	1052	392	180
TRGL 1239	525	282	876
TRGL 1240	580	613	482
TRGL 1241	291	1052	180
TRGL 1242	951	779	813
TRGL 1243	85	180	79
TRGL 1244	451	1053	940
TRGL 1245	846	883	85
TRGL 1246	847	85	380
TRGL 1247	78	381	85
TRGL 1248	910	381	1054
TRGL 1249	1054	381	1055
TRGL 1250	1055	381	998
TRGL 1251	169	171	636
TRGL 1252	1056	1055	998
TRGL 1253	1057	1056	998
TRGL 1254	47	333	48
TRGL 1255	1057	998	1058
TRGL 1256	657	964	499
TRGL 1257	1058	998	1059
TRGL 1258	1059	998	1060
TRGL 1259	954	628	801
TRGL 1260	1060	998	1061
TRGL 1261	613	580	405
TRGL 1262	1061	998	478
TRGL 1263	479	478	998
TRGL 1264	12	511	13
TRGL 1265	1062	1061	478
TRGL 1266	1063	1062	478
TRGL 1267	771	48	609
TRGL 1268	129	297	659
TRGL 1269	1064	1063	478
TRGL 1270	6	81	401
TRGL 1271	1064	478	856
TRGL 1272	682	478	1065
TRGL 1273	747	305	265
TRGL 1274	1065	478	398
TRGL 1275	398	478	442
TRGL 1276	72	216	236
TRGL 1277	1066	1065	398
TRGL 1278	155	1067	545
TRGL 1279	956	1066	398
TRGL 1280	935	956	398
TRGL 1281	473	1068	474
TRGL 1282	398	399	935
TRGL 1283	1029	904	1012
TRGL 1284	935	1069	955
TRGL 1285	438	453	15
TRGL 1286	935	937	1069
TRGL 1287	920	727	529
TRGL 1288	1003	648	647
TRGL 1289	935	1070	936
TRGL 1290	935	817	1070
TRGL 1291	301	673	816
TRGL 1292	592	885	888
TRGL 1293	301	985	672
TRGL 1294	307	264	839
TRGL 1295	986	301	300
TRGL 1296	1028	612	593
TRGL 1297	288	80	79
TRGL 1298	302	301	961
TRGL 1299	444	424	835
TRGL 1300	685	943	686
TRGL 1301	961	301	590
TRGL 1302	362	590	301
TRGL 1303	962	968	969
TRGL 1304	1071	960	590
TRGL 1305	1071	590	1023
TRGL 1306	519	420	686
TRGL 1307	590	503	502
TRGL 1308	1072	600	502
TRGL 1309	1072	502	1073
TRGL 1310	468	279	338
TRGL 1311	346	257	224
TRGL 1312	1073	502	1074
TRGL 1313	1074	502	1075
TRGL 1314	546	1076	33
TRGL 1315	1075	502	809
TRGL 1316	405	516	515
TRGL 1317	809	502	881
TRGL 1318	1077	1075	809
TRGL 1319	412	420	519
TRGL 1320	1078	1077	809
TRGL 1321	169	713	886
TRGL 1322	1079	1078	809
TRGL 1323	812	204	664
TRGL 1324	1079	809	1080
TRGL 1325	809	1081	1080
TRGL 1326	809	811	1081
TRGL 1327	639	616	505
TRGL 1328	809	789	810
TRGL 1329	789	788	810
TRGL 1330	767	57	566
TRGL 1331	842	1082	1083
TRGL 1332	809	882	789
TRGL 1333	882	202	789
TRGL 1334	166	168	1084
TRGL 1335	144	106	294
TRGL 1336	253	882	881
TRGL 1337	253	881	844
TRGL 1338	252	253	962
TRGL 1339	396	306	310
TRGL 1340	252	623	202
TRGL 1341	1085	1086	964
TRGL 1342	990	707	1000
TRGL 1343	1035	623	252
TRGL 1344	1035	252	969
TRGL 1345	914	710	15
TRGL 1346	1029	623	1035
TRGL 1347	904	1029	1035
TRGL 1348	1029	765	623
TRGL 1349	1029	1012	724
TRGL 1350	429	99	1087
TRGL 1351	765	724	1088
TRGL 1352	342	191	190
TRGL 1353	724	1089	1088
TRGL 1354	348	409	408
TRGL 1355	765	1088	1090
TRGL 1356	765	1090	763
TRGL 1357	397	310	309
TRGL 1358	89	91	890
TRGL 1359	546	545	1067
TRGL 1360	765	764	949
TRGL 1361	451	940	751
TRGL 1362	723	1089	724
TRGL 1363	321	724	322
TRGL 1364	322	724	1012
TRGL 1365	760	320	322
TRGL 1366	1091	759	322
TRGL 1367	963	543	544
TRGL 1368	1091	322	908
TRGL 1369	53	991	1092
TRGL 1370	486	157	454
TRGL 1371	322	371	907
TRGL 1372	997	267	135
TRGL 1373	907	371	1093
TRGL 1374	558	322	1012
TRGL 1375	558	231	371
TRGL 1376	1094	371	231
TRGL 1377	558	560	231
TRGL 1378	231	560	232
TRGL 1379	353	88	731
TRGL 1380	560	559	807
TRGL 1381	904	559	1012
TRGL 1382	1020	325	933
TRGL 1383	904	500	559
TRGL 1384	718	53	19
TRGL 1385	904	1036	498
TRGL 1386	498	1036	1014
TRGL 1387	969	1036	1035
TRGL 1388	969	527	1036
TRGL 1389	527	1014	1036
TRGL 1390	968	528	527
TRGL 1391	225	136	267
TRGL 1392	187	528	968
TRGL 1393	187	186	528
TRGL 1394	186	1000	528
TRGL 1395	617	188	187
TRGL 1396	954	188	628
TRGL 1397	169	319	713
TRGL 1398	1000	186	954
TRGL 1399	1000	954	990
TRGL 1400	801	990	954
TRGL 1401	920	1000	707
TRGL 1402	951	707	990
TRGL 1403	953	1083	1095
TRGL 1404	951	813	707
TRGL 1405	281	733	1096
TRGL 1406	813	708	707
TRGL 1407	779	566	463
TRGL 1408	951	564	566
TRGL 1409	717	1001	769
TRGL 1410	767	566	565
TRGL 1411	629	565	564
TRGL 1412	629	564	801
TRGL 1413	905	980	981
TRGL 1414	565	629	514
TRGL 1415	66	54	56
TRGL 1416	629	515	514
TRGL 1417	565	514	767
TRGL 1418	939	99	101
TRGL 1419	281	1096	731
TRGL 1420	766	767	514
TRGL 1421	661	691	222
TRGL 1422	514	516	766
TRGL 1423	57	767	58
TRGL 1424	766	756	58
TRGL 1425	915	52	916
TRGL 1426	246	359	244
TRGL 1427	59	58	756
TRGL 1428	73	177	246
TRGL 1429	140	799	147
TRGL 1430	754	756	766
TRGL 1431	754	766	516
TRGL 1432	108	114	278
TRGL 1433	756	755	922
TRGL 1434	552	819	818
TRGL 1435	295	163	1097
TRGL 1436	639	628	188
TRGL 1437	754	1098	755
TRGL 1438	755	1098	1043
TRGL 1439	68	67	289
TRGL 1440	484	1098	754
TRGL 1441	651	653	1099
TRGL 1442	484	754	580
TRGL 1443	1038	1095	1083
TRGL 1444	1098	484	483
TRGL 1445	1098	483	1043
TRGL 1446	1017	1043	1042
TRGL 1447	508	1095	959
TRGL 1448	483	452	1042
TRGL 1449	66	68	54
TRGL 1450	452	453	1042
TRGL 1451	1100	452	483
TRGL 1452	482	1100	483
TRGL 1453	1100	914	452
TRGL 1454	842	28	1082
TRGL 1455	914	15	452
TRGL 1456	27	1082	28
TRGL 1457	914	1100	1028
TRGL 1458	880	621	975
TRGL 1459	378	549	532
TRGL 1460	1100	612	1028
TRGL 1461	914	1028	666
TRGL 1462	1046	162	867
TRGL 1463	60	769	1001
TRGL 1464	710	666	711
TRGL 1465	15	710	16
TRGL 1466	660	16	710
TRGL 1467	438	15	17
TRGL 1468	455	606	721
TRGL 1469	1003	453	438
TRGL 1470	429	520	430
TRGL 1471	1097	1046	142
TRGL 1472	1003	438	729
TRGL 1473	447	583	404
TRGL 1474	453	1003	647
TRGL 1475	453	647	1042
TRGL 1476	6	773	7
TRGL 1477	1017	1042	647
TRGL 1478	873	875	719
TRGL 1479	791	978	993
TRGL 1480	646	1017	647
TRGL 1481	755	1043	1017
TRGL 1482	419	1101	1102
TRGL 1483	646	922	755
TRGL 1484	646	923	922
TRGL 1485	843	391	390
TRGL 1486	211	268	267
TRGL 1487	646	977	923
TRGL 1488	791	923	977
TRGL 1489	646	648	977
TRGL 1490	250	977	648
TRGL 1491	183	250	648
TRGL 1492	801	564	990
TRGL 1493	1103	977	250
TRGL 1494	1103	250	109
TRGL 1495	1103	978	977
TRGL 1496	129	659	130
TRGL 1497	1103	315	978
TRGL 1498	976	1083	1082
TRGL 1499	993	978	315
TRGL 1500	241	242	340
TRGL 1501	1103	32	315
TRGL 1502	20	1104	868
TRGL 1503	316	315	32
TRGL 1504	1103	109	32
TRGL 1505	707	709	920
TRGL 1506	109	30	32
TRGL 1507	1105	55	161
TRGL 1508	108	109	185
TRGL 1509	108	278	30
TRGL 1510	860	30	278
TRGL 1511	113	278	114
TRGL 1512	1038	959	1095
TRGL 1513	108	1007	114
TRGL 1514	162	1046	1097
TRGL 1515	114	1007	1024
TRGL 1516	1105	225	227
TRGL 1517	786	792	416
TRGL 1518	973	1033	239
TRGL 1519	108	185	1007
TRGL 1520	976	1038	1083
TRGL 1521	785	1007	185
TRGL 1522	378	271	274
TRGL 1523	419	1102	1053
TRGL 1524	668	384	383
TRGL 1525	785	543	1008
TRGL 1526	1097	144	295
TRGL 1527	274	271	206
TRGL 1528	1007	1008	1024
TRGL 1529	1104	52	915
TRGL 1530	404	403	507
TRGL 1531	645	984	812
TRGL 1532	638	1024	1008
TRGL 1533	638	963	411
TRGL 1534	1008	963	638
TRGL 1535	886	887	456
TRGL 1536	42	1024	43
TRGL 1537	7	987	124
TRGL 1538	161	55	162
TRGL 1539	260	43	638
TRGL 1540	66	227	226
TRGL 1541	260	662	43
TRGL 1542	144	143	106
TRGL 1543	675	469	287
TRGL 1544	261	662	260
TRGL 1545	225	1105	388
TRGL 1546	1106	859	906
TRGL 1547	261	663	662
TRGL 1548	53	719	991
TRGL 1549	297	129	337
TRGL 1550	155	916	1092
TRGL 1551	722	663	261
TRGL 1552	92	162	55
TRGL 1553	261	318	722
TRGL 1554	92	68	868
TRGL 1555	577	1076	649
TRGL 1556	997	135	675
TRGL 1557	722	23	663
TRGL 1558	873	1082	27
TRGL 1559	425	304	983
TRGL 1560	1107	933	325
TRGL 1561	22	663	23
TRGL 1562	1046	867	915
TRGL 1563	23	722	636
TRGL 1564	262	782	215
TRGL 1565	526	485	486
TRGL 1566	605	359	177
TRGL 1567	722	169	636
TRGL 1568	235	1108	154
TRGL 1569	21	1020	22
TRGL 1570	1020	933	22
TRGL 1571	1105	227	56
TRGL 1572	171	720	21
TRGL 1573	20	19	1104
TRGL 1574	339	340	720
TRGL 1575	57	59	168
TRGL 1576	606	339	721
TRGL 1577	1020	340	325
TRGL 1578	548	660	827
TRGL 1579	340	242	325
TRGL 1580	20	68	289
TRGL 1581	1107	325	324
TRGL 1582	134	469	675
TRGL 1583	306	747	310
TRGL 1584	933	1107	692
TRGL 1585	572	606	326
TRGL 1586	253	844	962
TRGL 1587	731	87	281
TRGL 1588	933	692	691
TRGL 1589	719	718	976
TRGL 1590	661	22	691
TRGL 1591	661	663	22
TRGL 1592	162	1097	163
TRGL 1593	873	27	874
TRGL 1594	223	222	691
TRGL 1595	661	222	44
TRGL 1596	44	222	284
TRGL 1597	548	668	383
TRGL 1598	42	44	284
TRGL 1599	934	389	941
TRGL 1600	42	114	1024
TRGL 1601	57	463	566
TRGL 1602	229	284	221
TRGL 1603	276	459	277
TRGL 1604	860	278	228
TRGL 1605	716	975	139
TRGL 1606	165	382	242
TRGL 1607	165	164	382
TRGL 1608	245	274	205
TRGL 1609	189	200	1109
TRGL 1610	939	651	1099
TRGL 1611	200	987	1109
TRGL 1612	567	350	70
TRGL 1613	47	387	443
TRGL 1614	299	656	1001
TRGL 1615	8	124	259
TRGL 1616	734	843	390
TRGL 1617	583	604	512
TRGL 1618	880	1086	1085
TRGL 1619	953	952	391
TRGL 1620	151	73	152
TRGL 1621	842	953	391
TRGL 1622	467	686	943
TRGL 1623	485	686	467
TRGL 1624	107	568	458
TRGL 1625	485	519	686
TRGL 1626	518	519	485
TRGL 1627	262	264	879
TRGL 1628	412	519	413
TRGL 1629	480	413	518
TRGL 1630	480	518	296
TRGL 1631	365	386	563
TRGL 1632	412	355	421
TRGL 1633	451	419	1053
TRGL 1634	713	659	886
TRGL 1635	998	563	479
TRGL 1636	421	355	354
TRGL 1637	111	295	294
TRGL 1638	412	421	420
TRGL 1639	420	422	685
TRGL 1640	548	827	549
TRGL 1641	562	421	354
TRGL 1642	386	112	479
TRGL 1643	1110	562	354
TRGL 1644	1110	354	395
TRGL 1645	406	1110	395
TRGL 1646	405	515	403
TRGL 1647	394	407	395
TRGL 1648	407	902	464
TRGL 1649	903	902	407
TRGL 1650	903	407	394
TRGL 1651	903	394	1096
TRGL 1652	272	387	586
TRGL 1653	394	731	1096
TRGL 1654	903	1096	980
TRGL 1655	980	1096	733
TRGL 1656	975	1111	139
TRGL 1657	903	980	905
TRGL 1658	903	905	871
TRGL 1659	905	981	906
TRGL 1660	906	981	1112
TRGL 1661	877	560	807
TRGL 1662	858	905	906
TRGL 1663	1112	981	733
TRGL 1664	906	1112	1106
TRGL 1665	524	1106	1112
TRGL 1666	768	859	1106
TRGL 1667	768	1106	466
TRGL 1668	524	466	1106
TRGL 1669	1113	536	656
TRGL 1670	768	466	717
TRGL 1671	466	104	717
TRGL 1672	791	921	923
TRGL 1673	717	769	768
TRGL 1674	299	1001	717
TRGL 1675	303	656	299
TRGL 1676	747	311	310
TRGL 1677	544	670	359
TRGL 1678	303	1113	656
TRGL 1679	1114	1113	303
TRGL 1680	1114	303	694
TRGL 1681	1114	1115	1113
TRGL 1682	336	618	501
TRGL 1683	1115	537	1113
TRGL 1684	1115	1114	608
TRGL 1685	877	232	560
TRGL 1686	1114	771	608
TRGL 1687	1115	608	780
TRGL 1688	29	780	608
TRGL 1689	78	80	365
TRGL 1690	734	1115	780
TRGL 1691	734	780	843
TRGL 1692	1116	203	623
TRGL 1693	578	966	579
TRGL 1694	1115	734	537
TRGL 1695	734	390	735
TRGL 1696	670	544	439
TRGL 1697	842	391	843
TRGL 1698	842	1083	953
TRGL 1699	873	976	1082
TRGL 1700	1038	976	718
TRGL 1701	18	718	19
TRGL 1702	1038	718	18
TRGL 1703	18	289	959
TRGL 1704	508	953	1095
TRGL 1705	289	957	959
TRGL 1706	20	868	68
TRGL 1707	754	516	580
TRGL 1708	867	868	1104
TRGL 1709	52	1104	19
TRGL 1710	1104	915	867
TRGL 1711	102	220	984
TRGL 1712	161	388	1105
TRGL 1713	1105	56	55
TRGL 1714	66	459	67
TRGL 1715	997	211	267
TRGL 1716	285	458	641
TRGL 1717	285	641	334
TRGL 1718	363	362	399
TRGL 1719	362	364	503
TRGL 1720	389	391	950
TRGL 1721	335	506	505
TRGL 1722	612	482	613
TRGL 1723	1100	482	612
TRGL 1724	628	507	517
TRGL 1725	628	639	507
TRGL 1726	639	505	507
TRGL 1727	1053	651	940
TRGL 1728	12	34	665
TRGL 1729	665	34	579
TRGL 1730	34	12	14
TRGL 1731	577	33	1076
TRGL 1732	578	577	588
TRGL 1733	549	578	532
TRGL 1734	918	62	919
TRGL 1735	549	827	578
TRGL 1736	578	827	966
TRGL 1737	547	273	244
TRGL 1738	244	273	245
TRGL 1739	547	549	378
TRGL 1740	378	274	273
TRGL 1741	379	443	271
TRGL 1742	379	533	443
TRGL 1743	46	586	387
TRGL 1744	694	303	103
TRGL 1745	153	102	645
TRGL 1746	220	525	984
TRGL 1747	102	984	645
TRGL 1748	984	876	812
TRGL 1749	586	664	272
TRGL 1750	664	206	272
TRGL 1751	274	206	205
TRGL 1752	184	729	440
TRGL 1753	47	601	333
TRGL 1754	246	74	73
TRGL 1755	327	329	98
TRGL 1756	659	296	887
TRGL 1757	713	130	659
TRGL 1758	319	128	130
TRGL 1759	196	128	319
TRGL 1760	196	151	128
TRGL 1761	605	177	195
TRGL 1762	1117	371	370
TRGL 1763	637	818	118
TRGL 1764	205	74	245
TRGL 1765	668	670	384
TRGL 1766	785	440	543
TRGL 1767	184	440	785
TRGL 1768	729	184	183
TRGL 1769	729	183	1003
TRGL 1770	1008	543	963
TRGL 1771	411	963	605
TRGL 1772	927	1084	168
TRGL 1773	261	197	318
TRGL 1774	169	886	170
TRGL 1775	170	886	456
TRGL 1776	720	721	339
TRGL 1777	350	375	762
TRGL 1778	241	339	572
TRGL 1779	572	326	259
TRGL 1780	326	493	82
TRGL 1781	356	728	709
TRGL 1782	456	887	526
TRGL 1783	518	887	296
TRGL 1784	138	1004	715
TRGL 1785	170	456	455
TRGL 1786	87	86	98
TRGL 1787	854	783	879
TRGL 1788	87	282	281
TRGL 1789	1112	733	280
TRGL 1790	524	1112	280
TRGL 1791	525	280	282
TRGL 1792	220	524	525
TRGL 1793	466	524	220
TRGL 1794	876	328	217
TRGL 1795	282	329	328
TRGL 1796	876	217	812
TRGL 1797	771	46	48
TRGL 1798	1114	694	771
TRGL 1799	333	609	48
TRGL 1800	771	609	608
TRGL 1801	333	332	609
TRGL 1802	29	332	27
TRGL 1803	331	874	332
TRGL 1804	874	331	1118
TRGL 1805	1118	331	649
TRGL 1806	874	1118	875
TRGL 1807	1119	875	1118
TRGL 1808	1076	1119	1118
TRGL 1809	1119	991	875
TRGL 1810	991	1119	1067
TRGL 1811	546	1067	1119
TRGL 1812	991	1067	1092
TRGL 1813	589	234	488
TRGL 1814	155	1092	1067
TRGL 1815	53	1092	52
TRGL 1816	940	101	751
TRGL 1817	916	52	1092
TRGL 1818	916	155	154
TRGL 1819	916	154	917
TRGL 1820	917	154	1108
TRGL 1821	917	1108	142
TRGL 1822	142	1108	143
TRGL 1823	917	142	1046
TRGL 1824	143	1108	234
TRGL 1825	1097	142	144
TRGL 1826	235	234	1108
TRGL 1827	487	488	233
TRGL 1828	511	233	13
TRGL 1829	1033	91	698
TRGL 1830	235	156	13
TRGL 1831	689	101	100
TRGL 1832	154	156	235
TRGL 1833	156	545	14
TRGL 1834	1076	546	1119
TRGL 1835	1118	649	1076
TRGL 1836	331	601	649
TRGL 1837	827	711	966
TRGL 1838	666	665	966
TRGL 1839	665	579	966
TRGL 1840	680	618	617
TRGL 1841	501	881	502
TRGL 1842	28	843	780
TRGL 1843	494	390	389
TRGL 1844	494	538	735
TRGL 1845	538	496	585
TRGL 1846	536	585	61
TRGL 1847	1113	537	536
TRGL 1848	61	585	62
TRGL 1849	929	62	585
TRGL 1850	60	62	918
TRGL 1851	60	1001	61
TRGL 1852	922	921	1084
TRGL 1853	912	769	60
TRGL 1854	912	770	769
TRGL 1855	939	1099	626
TRGL 1856	993	314	1120
TRGL 1857	377	983	554
TRGL 1858	993	1120	792
TRGL 1859	792	1120	1051
TRGL 1860	791	786	921
TRGL 1861	786	1084	921
TRGL 1862	166	1084	786
TRGL 1863	166	415	167
TRGL 1864	415	552	167
TRGL 1865	552	551	819
TRGL 1866	637	167	552
TRGL 1867	637	779	463
TRGL 1868	118	818	90
TRGL 1869	818	699	90
TRGL 1870	89	708	813
TRGL 1871	89	890	708
TRGL 1872	973	890	91
TRGL 1873	356	890	973
TRGL 1874	356	973	238
TRGL 1875	356	709	890
TRGL 1876	728	920	709
TRGL 1877	357	726	728
TRGL 1878	1121	357	802
TRGL 1879	1121	802	39
TRGL 1880	1121	726	357
TRGL 1881	1121	964	726
TRGL 1882	1121	1085	964
TRGL 1883	1121	39	1085
TRGL 1884	39	621	1085
TRGL 1885	880	1085	621
TRGL 1886	39	41	621
TRGL 1887	802	40	39
TRGL 1888	975	622	1111
TRGL 1889	880	975	716
TRGL 1890	878	716	715
TRGL 1891	880	878	1086
TRGL 1892	1122	1086	878
TRGL 1893	1122	878	807
TRGL 1894	1086	1122	499
TRGL 1895	1122	500	499
TRGL 1896	1086	499	964
TRGL 1897	657	498	1014
TRGL 1898	529	727	657
TRGL 1899	726	657	727
TRGL 1900	528	1000	529
TRGL 1901	500	1122	807
TRGL 1902	877	807	878
TRGL 1903	877	1123	232
TRGL 1904	1124	232	1123
TRGL 1905	877	715	1123
TRGL 1906	715	1004	1123
TRGL 1907	1123	1004	1125
TRGL 1908	1004	146	145
TRGL 1909	147	146	140
TRGL 1910	138	716	139
TRGL 1911	140	576	799
TRGL 1912	139	1111	576
TRGL 1913	798	254	147
TRGL 1914	1004	145	1125
TRGL 1915	1123	1125	1124
TRGL 1916	1124	230	232
TRGL 1917	230	1094	231
TRGL 1918	792	1051	416
TRGL 1919	57	168	463
TRGL 1920	59	756	927
TRGL 1921	927	756	922
TRGL 1922	922	1084	927
TRGL 1923	962	969	252
TRGL 1924	1094	1126	371
TRGL 1925	1126	369	371
TRGL 1926	1094	1127	1126
TRGL 1927	1094	1128	1127
TRGL 1928	683	408	410
TRGL 1929	1094	1129	1128
TRGL 1930	1093	371	1117
TRGL 1931	949	1130	623
TRGL 1932	1130	1116	623
TRGL 1933	1131	202	632
TRGL 1934	1132	202	1131
TRGL 1935	1133	202	1132
TRGL 1936	1133	696	202
TRGL 1937	697	789	202
TRGL 1938	787	789	697
TRGL 1939	823	556	555
TRGL 1940	832	522	521
TRGL 1941	823	396	824
TRGL 1942	823	306	396
TRGL 1943	823	304	306
TRGL 1944	304	823	555
TRGL 1945	555	554	983
TRGL 1946	425	983	377
TRGL 1947	425	266	305
TRGL 1948	747	804	311
TRGL 1949	476	311	804
TRGL 1950	397	988	396
TRGL 1951	397	982	988
TRGL 1952	835	424	761
TRGL 1953	835	761	209
TRGL 1954	256	209	761
TRGL 1955	869	705	655
TRGL 1956	835	209	208
TRGL 1957	343	679	926
TRGL 1958	772	924	679
TRGL 1959	418	468	1101
TRGL 1960	772	839	263
TRGL 1961	839	264	263
TRGL 1962	263	292	790
TRGL 1963	262	879	782
TRGL 1964	307	76	308
TRGL 1965	838	77	307
TRGL 1966	308	634	854
TRGL 1967	292	598	852
TRGL 1968	598	891	893
TRGL 1969	592	889	885
TRGL 1970	862	431	430
TRGL 1971	430	866	864
TRGL 1972	430	520	866
TRGL 1973	429	1087	520
TRGL 1974	1087	521	520
TRGL 1975	99	626	1087
TRGL 1976	625	1087	626
TRGL 1977	626	1099	627
TRGL 1978	939	101	940
TRGL 1979	451	751	750
TRGL 1980	451	750	417
TRGL 1981	417	750	850
TRGL 1982	749	850	750
TRGL 1983	346	850	257
TRGL 1984	346	418	417
TRGL 1985	346	279	418
TRGL 1986	418	1101	419
TRGL 1987	338	279	269
TRGL 1988	850	669	257
TRGL 1989	749	751	689
TRGL 1990	652	1053	1102
TRGL 1991	652	651	1053
TRGL 1992	1134	1099	653
TRGL 1993	1134	627	1099
TRGL 1994	1025	627	1134
TRGL 1995	625	627	1026
TRGL 1996	475	1026	1025
TRGL 1997	475	474	1026
TRGL 1998	474	833	1026
TRGL 1999	832	474	1068
TRGL 2000	832	833	474
TRGL 2001	625	833	521
TRGL 2002	625	521	1087
TRGL 2003	625	1026	833
TRGL 2004	690	635	688
TRGL 2005	172	182	137
TRGL 2006	348	350	762
TRGL 2007	348	408	596
TRGL 2008	683	597	408
TRGL 2009	683	534	687
TRGL 2010	534	573	687
TRGL 2011	683	687	678
TRGL 2012	36	687	573
TRGL 2013	36	38	687
TRGL 2014	36	426	270
TRGL 2015	1	270	427
TRGL 2016	0	219	270
TRGL 2017	219	0	199
